2923.0000001, 34.5600001, 49.0000001
2919.0000001, 34.5600001, 49.0000001
2915.0000001, 34.5600001, 49.0000001
2915.0000001, 34.5600001, 49.0000001
2900.0000001, 34.5600001, 49.0000001
2627.0000001, 34.5600001, 48.0000001
3039.0000001, 34.5600001, 49.0000001
3071.0000001, 34.5600001, 49.0000001
3067.0000001, 34.5600001, 49.0000001
3175.0000001, 34.5600001, 49.0000001
2889.0000001, 34.5600001, 48.0000001
2900.0000001, 34.5600001, 48.0000001
2900.0000001, 34.5600001, 48.0000001
2912.0000001, 34.5600001, 48.0000001
2897.0000001, 34.5600001, 47.0000001
2882.0000001, 34.5600001, 47.0000001
2889.0000001, 34.5600001, 47.0000001
2882.0000001, 34.5600001, 47.0000001
2871.0000001, 34.5600001, 48.0000001
2893.0000001, 34.6800001, 47.0000001
2867.0000001, 34.6800001, 48.0000001
3019.0000001, 34.6800001, 48.0000001
2965.0000001, 34.6800001, 48.0000001
2965.0000001, 34.6800001, 48.0000001
3100.0000001, 34.6800001, 48.0000001
3112.0000001, 34.6800001, 48.0000001
3079.0000001, 34.6800001, 48.0000001
3047.0000001, 34.6800001, 48.0000001
2875.0000001, 34.6800001, 50.0000001
2871.0000001, 34.6800001, 51.0000001
2897.0000001, 34.6800001, 52.0000001
2938.0000001, 34.6800001, 52.0000001
2968.0000001, 34.6800001, 53.0000001
1577.0000001, 34.6800001, 53.0000001
2052.0000001, 34.6800001, 53.0000001
1830.0000001, 34.6800001, 54.0000001
2332.0000001, 34.6800001, 54.0000001
2482.0000001, 34.6800001, 54.0000001
2474.0000001, 34.6800001, 55.0000001
2615.0000001, 34.6800001, 55.0000001
2710.0000001, 34.6800001, 55.0000001
2427.0000001, 34.6800001, 55.0000001
2410.0000001, 34.6800001, 55.0000001
1675.0000001, 34.6800001, 55.0000001
2303.0000001, 34.6800001, 55.0000001
2480.0000001, 34.6800001, 55.0000001
2442.0000001, 34.7500001, 55.0000001
2527.0000001, 34.7500001, 56.0000001
2534.0000001, 34.7500001, 57.0000001
2521.0000001, 34.7500001, 57.0000001
2583.0000001, 34.7500001, 57.0000001
2586.0000001, 34.7500001, 57.0000001
2558.0000001, 34.7500001, 58.0000001
2580.0000001, 34.7500001, 58.0000001
2327.0000001, 34.7500001, 58.0000001
2552.0000001, 34.7500001, 58.0000001
2596.0000001, 34.7500001, 59.0000001
2453.0000001, 34.7500001, 59.0000001
2480.0000001, 34.7500001, 58.0000001
2644.0000001, 34.7500001, 59.0000001
2618.0000001, 34.7500001, 58.0000001
2657.0000001, 34.7500001, 58.0000001
2596.0000001, 34.7500001, 58.0000001
2611.0000001, 34.7500001, 58.0000001
2624.0000001, 34.7500001, 58.0000001
2615.0000001, 34.7500001, 58.0000001
2700.0000001, 34.7500001, 58.0000001
2703.0000001, 34.7500001, 57.0000001
2710.0000001, 34.7500001, 57.0000001
2693.0000001, 34.7500001, 57.0000001
2716.0000001, 34.7500001, 57.0000001
2723.0000001, 34.7500001, 57.0000001
2686.0000001, 34.7500001, 58.0000001
2624.0000001, 34.7500001, 59.0000001
2744.0000001, 34.8700001, 59.0000001
2733.0000001, 34.8700001, 59.0000001
2733.0000001, 34.8700001, 59.0000001
2676.0000001, 34.8700001, 59.0000001
2676.0000001, 34.8700001, 59.0000001
2683.0000001, 34.8700001, 59.0000001
2631.0000001, 34.8700001, 58.0000001
2634.0000001, 34.8700001, 58.0000001
2657.0000001, 34.8700001, 58.0000001
2673.0000001, 34.8700001, 58.0000001
2663.0000001, 34.8700001, 59.0000001
2792.0000001, 34.8700001, 59.0000001
2764.0000001, 34.8700001, 58.0000001
2706.0000001, 34.8700001, 58.0000001
2693.0000001, 34.8700001, 57.0000001
2750.0000001, 34.8700001, 58.0000001
2549.0000001, 34.8700001, 58.0000001
2540.0000001, 34.8700001, 58.0000001
2611.0000001, 34.8700001, 58.0000001
2754.0000001, 34.8700001, 58.0000001
2761.0000001, 34.8700001, 58.0000001
2730.0000001, 34.8700001, 61.0000001
2740.0000001, 34.8700001, 60.0000001
2727.0000001, 34.8700001, 61.0000001
2727.0000001, 34.8700001, 61.0000001
2740.0000001, 34.8700001, 62.0000001
2737.0000001, 34.8700001, 62.0000001
2723.0000001, 34.9400001, 61.0000001
2683.0000001, 34.9400001, 64.0000001
2653.0000001, 34.9400001, 63.0000001
2680.0000001, 34.9400001, 63.0000001
2747.0000001, 34.9400001, 63.0000001
2757.0000001, 34.9400001, 63.0000001
2733.0000001, 34.9400001, 64.0000001
2754.0000001, 34.9400001, 63.0000001
2740.0000001, 34.9400001, 63.0000001
2747.0000001, 34.9400001, 63.0000001
2744.0000001, 34.9400001, 64.0000001
2730.0000001, 34.9400001, 64.0000001
2720.0000001, 34.9400001, 64.0000001
2720.0000001, 34.9400001, 64.0000001
2680.0000001, 34.9400001, 63.0000001
2673.0000001, 34.9400001, 63.0000001
2730.0000001, 34.9400001, 63.0000001
2747.0000001, 34.9400001, 63.0000001
2703.0000001, 34.9400001, 63.0000001
2716.0000001, 34.9400001, 63.0000001
2703.0000001, 34.9400001, 62.0000001
2693.0000001, 34.9400001, 62.0000001
2700.0000001, 34.9400001, 62.0000001
2696.0000001, 34.9400001, 62.0000001
2706.0000001, 34.9400001, 62.0000001
2710.0000001, 34.9400001, 60.0000001
2706.0000001, 34.9400001, 60.0000001
2703.0000001, 34.9400001, 60.0000001
2693.0000001, 35.0300001, 60.0000001
2693.0000001, 35.0300001, 61.0000001
2690.0000001, 35.0300001, 62.0000001
2650.0000001, 35.0300001, 62.0000001
2754.0000001, 35.0300001, 62.0000001
2647.0000001, 35.0300001, 62.0000001
2663.0000001, 35.0300001, 62.0000001
2750.0000001, 35.0300001, 66.0000001
2771.0000001, 35.0300001, 66.0000001
2771.0000001, 35.0300001, 66.0000001
2778.0000001, 35.0300001, 66.0000001
2771.0000001, 35.0300001, 66.0000001
2778.0000001, 35.0300001, 66.0000001
2730.0000001, 35.0300001, 66.0000001
2733.0000001, 35.0300001, 65.0000001
2792.0000001, 35.0300001, 65.0000001
2835.0000001, 35.0300001, 65.0000001
2856.0000001, 35.0300001, 65.0000001
2856.0000001, 35.0300001, 64.0000001
2842.0000001, 35.0300001, 64.0000001
2842.0000001, 35.0300001, 64.0000001
2842.0000001, 35.0300001, 63.0000001
2860.0000001, 35.0300001, 62.0000001
2856.0000001, 35.0300001, 62.0000001
2856.0000001, 35.0300001, 61.0000001
2842.0000001, 35.0300001, 52.0000001
2842.0000001, 35.0300001, 51.0000001
2803.0000001, 35.0900001, 51.0000001
2740.0000001, 35.0900001, 51.0000001
2730.0000001, 35.0900001, 51.0000001
2796.0000001, 35.0900001, 54.0000001
2828.0000001, 35.0900001, 54.0000001
2904.0000001, 35.0900001, 54.0000001
2893.0000001, 35.0900001, 54.0000001
2849.0000001, 35.0900001, 55.0000001
2860.0000001, 35.0900001, 55.0000001
2842.0000001, 35.0900001, 55.0000001
2820.0000001, 35.0900001, 55.0000001
2842.0000001, 35.0900001, 56.0000001
2846.0000001, 35.0900001, 56.0000001
2846.0000001, 35.0900001, 57.0000001
2842.0000001, 35.0900001, 63.0000001
2849.0000001, 35.0900001, 63.0000001
2853.0000001, 35.0900001, 62.0000001
2835.0000001, 35.0900001, 63.0000001
2838.0000001, 35.0900001, 63.0000001
2838.0000001, 35.0900001, 63.0000001
2842.0000001, 35.0900001, 62.0000001
2849.0000001, 35.0900001, 62.0000001
2846.0000001, 35.0900001, 61.0000001
2846.0000001, 35.0900001, 60.0000001
2835.0000001, 35.0900001, 60.0000001
2835.0000001, 35.0900001, 60.0000001
2835.0000001, 35.0900001, 59.0000001
2831.0000001, 35.0900001, 58.0000001
2831.0000001, 35.1600001, 54.0000001
2831.0000001, 35.1600001, 53.0000001
2835.0000001, 35.1600001, 53.0000001
2846.0000001, 35.1600001, 53.0000001
2846.0000001, 35.1600001, 52.0000001
2842.0000001, 35.1600001, 52.0000001
2838.0000001, 35.1600001, 51.0000001
2838.0000001, 35.1600001, 51.0000001
2824.0000001, 35.1600001, 51.0000001
2824.0000001, 35.1600001, 51.0000001
2817.0000001, 35.1600001, 52.0000001
2817.0000001, 35.1600001, 51.0000001
2817.0000001, 35.1600001, 51.0000001
2824.0000001, 35.1600001, 50.0000001
2824.0000001, 35.1600001, 51.0000001
2835.0000001, 35.1600001, 51.0000001
2828.0000001, 35.1600001, 50.0000001
2828.0000001, 35.1600001, 49.0000001
2828.0000001, 35.1600001, 49.0000001
2828.0000001, 35.1600001, 49.0000001
2824.0000001, 35.1600001, 48.0000001
2813.0000001, 35.1600001, 48.0000001
2813.0000001, 35.1600001, 47.0000001
2817.0000001, 35.1600001, 47.0000001
2817.0000001, 35.1600001, 47.0000001
2813.0000001, 35.1600001, 46.0000001
2813.0000001, 35.1600001, 46.0000001
2813.0000001, 35.2100001, 46.0000001
2817.0000001, 35.2100001, 46.0000001
2817.0000001, 35.2100001, 47.0000001
2820.0000001, 35.2100001, 47.0000001
2817.0000001, 35.2100001, 47.0000001
2817.0000001, 35.2100001, 47.0000001
2828.0000001, 35.2100001, 47.0000001
2838.0000001, 35.2100001, 48.0000001
2835.0000001, 35.2100001, 48.0000001
2835.0000001, 35.2100001, 48.0000001
2835.0000001, 35.2100001, 48.0000001
2835.0000001, 35.2100001, 48.0000001
2838.0000001, 35.2100001, 51.0000001
2838.0000001, 35.2100001, 51.0000001
2835.0000001, 35.2100001, 51.0000001
2831.0000001, 35.2100001, 51.0000001
2835.0000001, 35.2100001, 51.0000001
2835.0000001, 35.2100001, 51.0000001
2831.0000001, 35.2100001, 52.0000001
2824.0000001, 35.2100001, 51.0000001
2820.0000001, 35.2100001, 51.0000001
2817.0000001, 35.2100001, 51.0000001
2820.0000001, 35.2100001, 58.0000001
2820.0000001, 35.2100001, 57.0000001
2820.0000001, 35.2100001, 57.0000001
2817.0000001, 35.2100001, 57.0000001
2817.0000001, 35.2100001, 56.0000001
2817.0000001, 35.2100001, 54.0000001
2806.0000001, 35.2300001, 54.0000001
2720.0000001, 35.2300001, 53.0000001
2673.0000001, 35.2300001, 53.0000001
2690.0000001, 35.2300001, 53.0000001
2710.0000001, 35.2300001, 54.0000001
2696.0000001, 35.2300001, 53.0000001
2703.0000001, 35.2300001, 54.0000001
2730.0000001, 35.2300001, 62.0000001
2713.0000001, 35.2300001, 62.0000001
2693.0000001, 35.2300001, 62.0000001
2723.0000001, 35.2300001, 62.0000001
2750.0000001, 35.2300001, 62.0000001
2740.0000001, 35.2300001, 63.0000001
2710.0000001, 35.2300001, 63.0000001
2703.0000001, 35.2300001, 62.0000001
2716.0000001, 35.2300001, 67.0000001
2733.0000001, 35.2300001, 66.0000001
2740.0000001, 35.2300001, 66.0000001
2727.0000001, 35.2300001, 66.0000001
2706.0000001, 35.2300001, 65.0000001
2710.0000001, 35.2300001, 65.0000001
2723.0000001, 35.2300001, 54.0000001
2723.0000001, 35.2300001, 53.0000001
2706.0000001, 35.2300001, 53.0000001
2693.0000001, 35.2300001, 53.0000001
2713.0000001, 35.2300001, 52.0000001
2733.0000001, 35.2300001, 49.0000001
2730.0000001, 35.2300001, 48.0000001
2713.0000001, 35.2300001, 48.0000001
2696.0000001, 35.2300001, 48.0000001
2706.0000001, 35.2300001, 48.0000001
2720.0000001, 35.2300001, 53.0000001
2706.0000001, 35.2300001, 53.0000001
2683.0000001, 35.2300001, 53.0000001
2676.0000001, 35.2300001, 53.0000001
2693.0000001, 35.2300001, 56.0000001
2700.0000001, 35.2300001, 55.0000001
2693.0000001, 35.2300001, 55.0000001
2676.0000001, 35.2300001, 55.0000001
2673.0000001, 35.2300001, 54.0000001
2686.0000001, 35.2300001, 48.0000001
2700.0000001, 35.2300001, 48.0000001
2700.0000001, 35.2300001, 47.0000001
2693.0000001, 35.2300001, 47.0000001
2680.0000001, 35.2300001, 47.0000001
2693.0000001, 35.2300001, 47.0000001
2710.0000001, 35.2300001, 47.0000001
2710.0000001, 35.2300001, 48.0000001
2690.0000001, 35.2300001, 48.0000001
2676.0000001, 35.2300001, 48.0000001
2686.0000001, 35.2300001, 48.0000001
2703.0000001, 35.2300001, 51.0000001
2690.0000001, 35.2300001, 51.0000001
2673.0000001, 35.2300001, 50.0000001
2683.0000001, 35.2300001, 57.0000001
2683.0000001, 35.2300001, 56.0000001
2696.0000001, 35.2300001, 52.0000001
2690.0000001, 35.2300001, 52.0000001
2673.0000001, 35.2300001, 51.0000001
2666.0000001, 35.2300001, 55.0000001
2680.0000001, 35.2300001, 54.0000001
2693.0000001, 35.2300001, 54.0000001
2693.0000001, 35.2300001, 54.0000001
2683.0000001, 35.2300001, 54.0000001
2666.0000001, 35.2300001, 53.0000001
2673.0000001, 35.2300001, 52.0000001
2690.0000001, 35.2300001, 52.0000001
2696.0000001, 35.2300001, 52.0000001
2690.0000001, 35.2300001, 52.0000001
2680.0000001, 35.2300001, 52.0000001
2680.0000001, 35.2300001, 53.0000001
2696.0000001, 35.2300001, 53.0000001
2703.0000001, 35.2300001, 53.0000001
2690.0000001, 35.2300001, 52.0000001
2673.0000001, 35.2300001, 52.0000001
2676.0000001, 35.2300001, 52.0000001
2690.0000001, 35.2300001, 52.0000001
2696.0000001, 35.2300001, 51.0000001
2673.0000001, 35.2300001, 49.0000001
2660.0000001, 35.2300001, 49.0000001
2663.0000001, 35.2300001, 48.0000001
2676.0000001, 35.2300001, 48.0000001
2686.0000001, 35.2700001, 49.0000001
2673.0000001, 35.2700001, 49.0000001
2660.0000001, 35.2700001, 50.0000001
2647.0000001, 35.2700001, 49.0000001
2657.0000001, 35.2700001, 49.0000001
2673.0000001, 35.2700001, 49.0000001
2670.0000001, 35.2700001, 51.0000001
2657.0000001, 35.2700001, 52.0000001
2640.0000001, 35.2700001, 52.0000001
2637.0000001, 35.2700001, 52.0000001
2650.0000001, 35.2700001, 52.0000001
2660.0000001, 35.2700001, 54.0000001
2663.0000001, 35.2700001, 56.0000001
2660.0000001, 35.2700001, 57.0000001
2644.0000001, 35.2700001, 57.0000001
2647.0000001, 35.2700001, 59.0000001
2653.0000001, 35.2700001, 59.0000001
2670.0000001, 35.2700001, 58.0000001
2660.0000001, 35.2700001, 57.0000001
2644.0000001, 35.2700001, 56.0000001
2640.0000001, 35.2700001, 56.0000001
2647.0000001, 35.2700001, 55.0000001
2660.0000001, 35.2700001, 55.0000001
2650.0000001, 35.2700001, 54.0000001
2631.0000001, 35.2700001, 50.0000001
2621.0000001, 35.2700001, 50.0000001
2631.0000001, 35.2700001, 49.0000001
2644.0000001, 35.3300001, 49.0000001
2644.0000001, 35.3300001, 49.0000001
2631.0000001, 35.3300001, 48.0000001
2618.0000001, 35.3300001, 54.0000001
2624.0000001, 35.3300001, 53.0000001
2637.0000001, 35.3300001, 53.0000001
2644.0000001, 35.3300001, 53.0000001
2631.0000001, 35.3300001, 53.0000001
2618.0000001, 35.3300001, 53.0000001
2624.0000001, 35.3300001, 51.0000001
2640.0000001, 35.3300001, 50.0000001
2653.0000001, 35.3300001, 50.0000001
2640.0000001, 35.3300001, 50.0000001
2627.0000001, 35.3300001, 50.0000001
2640.0000001, 35.3300001, 50.0000001
2653.0000001, 35.3300001, 50.0000001
2663.0000001, 35.3300001, 50.0000001
2657.0000001, 35.3300001, 50.0000001
2611.0000001, 35.3300001, 50.0000001
2637.0000001, 35.3300001, 50.0000001
2663.0000001, 35.3300001, 50.0000001
2637.0000001, 35.3300001, 53.0000001
2605.0000001, 35.3300001, 53.0000001
2589.0000001, 35.3300001, 53.0000001
2615.0000001, 35.3300001, 53.0000001
2624.0000001, 35.3300001, 53.0000001
2615.0000001, 35.3300001, 53.0000001
2611.0000001, 35.3300001, 54.0000001
2589.0000001, 35.3800001, 54.0000001
2608.0000001, 35.3800001, 53.0000001
2631.0000001, 35.3800001, 53.0000001
2599.0000001, 35.3800001, 53.0000001
2571.0000001, 35.3800001, 52.0000001
2564.0000001, 35.3800001, 52.0000001
2586.0000001, 35.3800001, 52.0000001
2621.0000001, 35.3800001, 52.0000001
2549.0000001, 35.3800001, 53.0000001
2574.0000001, 35.3800001, 53.0000001
2571.0000001, 35.3800001, 53.0000001
2596.0000001, 35.3800001, 52.0000001
2602.0000001, 35.3800001, 52.0000001
2605.0000001, 35.3800001, 52.0000001
2583.0000001, 35.3800001, 51.0000001
2580.0000001, 35.3800001, 58.0000001
2602.0000001, 35.3800001, 58.0000001
2634.0000001, 35.3800001, 57.0000001
2631.0000001, 35.3800001, 48.0000001
2583.0000001, 35.3800001, 48.0000001
2589.0000001, 35.3800001, 47.0000001
2618.0000001, 35.3800001, 48.0000001
2615.0000001, 35.3800001, 48.0000001
2589.0000001, 35.3800001, 48.0000001
2586.0000001, 35.3800001, 48.0000001
2602.0000001, 35.3800001, 48.0000001
2618.0000001, 35.3800001, 53.0000001
2602.0000001, 35.4500001, 53.0000001
2589.0000001, 35.4500001, 52.0000001
2592.0000001, 35.4500001, 52.0000001
2621.0000001, 35.4500001, 52.0000001
2627.0000001, 35.4500001, 52.0000001
2567.0000001, 35.4500001, 51.0000001
2552.0000001, 35.4500001, 51.0000001
2552.0000001, 35.4500001, 51.0000001
2540.0000001, 35.4500001, 51.0000001
2589.0000001, 35.4500001, 51.0000001
2611.0000001, 35.4500001, 51.0000001
2567.0000001, 35.4500001, 50.0000001
2577.0000001, 35.4500001, 50.0000001
2605.0000001, 35.4500001, 50.0000001
2596.0000001, 35.4500001, 50.0000001
2596.0000001, 35.4500001, 54.0000001
2571.0000001, 35.4500001, 54.0000001
2574.0000001, 35.4500001, 53.0000001
2589.0000001, 35.4500001, 53.0000001
2608.0000001, 35.4500001, 53.0000001
2599.0000001, 35.4500001, 52.0000001
2564.0000001, 35.4500001, 50.0000001
2543.0000001, 35.4500001, 49.0000001
2558.0000001, 35.4500001, 49.0000001
2583.0000001, 35.4500001, 49.0000001
2589.0000001, 35.4500001, 53.0000001
2564.0000001, 35.4500001, 52.0000001
2552.0000001, 35.5100001, 52.0000001
2549.0000001, 35.5100001, 52.0000001
2571.0000001, 35.5100001, 51.0000001
2577.0000001, 35.5100001, 49.0000001
2558.0000001, 35.5100001, 49.0000001
2537.0000001, 35.5100001, 48.0000001
2546.0000001, 35.5100001, 48.0000001
2571.0000001, 35.5100001, 48.0000001
2577.0000001, 35.5100001, 46.0000001
2552.0000001, 35.5100001, 45.0000001
2537.0000001, 35.5100001, 45.0000001
2546.0000001, 35.5100001, 49.0000001
2567.0000001, 35.5100001, 49.0000001
2574.0000001, 35.5100001, 49.0000001
2561.0000001, 35.5100001, 49.0000001
2543.0000001, 35.5100001, 49.0000001
2558.0000001, 35.5100001, 49.0000001
2583.0000001, 35.5100001, 49.0000001
2580.0000001, 35.5100001, 49.0000001
2552.0000001, 35.5100001, 49.0000001
2543.0000001, 35.5100001, 49.0000001
2564.0000001, 35.5100001, 49.0000001
2583.0000001, 35.5100001, 49.0000001
2564.0000001, 35.5100001, 49.0000001
2537.0000001, 35.5100001, 49.0000001
2546.0000001, 35.5100001, 49.0000001
2577.0000001, 35.5100001, 49.0000001
2571.0000001, 35.5100001, 49.0000001
2537.0000001, 35.5900001, 48.0000001
2518.0000001, 35.5900001, 48.0000001
2546.0000001, 35.5900001, 48.0000001
2564.0000001, 35.5900001, 54.0000001
2543.0000001, 35.5900001, 53.0000001
2518.0000001, 35.5900001, 53.0000001
2531.0000001, 35.5900001, 52.0000001
2555.0000001, 35.5900001, 49.0000001
2546.0000001, 35.5900001, 49.0000001
2521.0000001, 35.5900001, 48.0000001
2521.0000001, 35.5900001, 48.0000001
2543.0000001, 35.5900001, 48.0000001
2552.0000001, 35.5900001, 48.0000001
2531.0000001, 35.5900001, 45.0000001
2509.0000001, 35.5900001, 45.0000001
2531.0000001, 35.5900001, 45.0000001
2555.0000001, 35.5900001, 44.0000001
2540.0000001, 35.5900001, 45.0000001
2512.0000001, 35.5900001, 45.0000001
2521.0000001, 35.5900001, 45.0000001
2549.0000001, 35.5900001, 45.0000001
2546.0000001, 35.5900001, 45.0000001
2524.0000001, 35.5900001, 45.0000001
2512.0000001, 35.5900001, 45.0000001
2537.0000001, 35.5900001, 44.0000001
2552.0000001, 35.5900001, 44.0000001
2540.0000001, 35.5900001, 44.0000001
2524.0000001, 35.6300001, 45.0000001
2534.0000001, 35.6300001, 44.0000001
2558.0000001, 35.6300001, 44.0000001
2567.0000001, 35.6300001, 44.0000001
2543.0000001, 35.6300001, 45.0000001
2524.0000001, 35.6300001, 52.0000001
2537.0000001, 35.6300001, 52.0000001
2534.0000001, 35.6300001, 52.0000001
2512.0000001, 35.6300001, 51.0000001
2540.0000001, 35.6300001, 56.0000001
2503.0000001, 35.6300001, 56.0000001
2518.0000001, 35.6300001, 56.0000001
2537.0000001, 35.6300001, 55.0000001
2531.0000001, 35.6300001, 55.0000001
2518.0000001, 35.6300001, 54.0000001
2497.0000001, 35.6300001, 54.0000001
2512.0000001, 35.6300001, 57.0000001
2531.0000001, 35.6300001, 56.0000001
2527.0000001, 35.6300001, 55.0000001
2512.0000001, 35.6300001, 55.0000001
2468.0000001, 35.6300001, 52.0000001
2430.0000001, 35.6300001, 52.0000001
2500.0000001, 35.6300001, 51.0000001
2468.0000001, 35.6300001, 52.0000001
2468.0000001, 35.6300001, 52.0000001
2480.0000001, 35.6300001, 53.0000001
2527.0000001, 35.6300001, 53.0000001
2527.0000001, 35.6900001, 54.0000001
2515.0000001, 35.6900001, 54.0000001
2491.0000001, 35.6900001, 53.0000001
2506.0000001, 35.6900001, 54.0000001
2509.0000001, 35.6900001, 54.0000001
2512.0000001, 35.6900001, 54.0000001
2491.0000001, 35.6900001, 54.0000001
2468.0000001, 35.6900001, 53.0000001
2488.0000001, 35.6900001, 53.0000001
2512.0000001, 35.6900001, 53.0000001
2531.0000001, 35.6900001, 53.0000001
2494.0000001, 35.6900001, 52.0000001
2509.0000001, 35.6900001, 52.0000001
2531.0000001, 35.6900001, 52.0000001
2512.0000001, 35.6900001, 51.0000001
2485.0000001, 35.6900001, 50.0000001
2471.0000001, 35.6900001, 50.0000001
2494.0000001, 35.6900001, 50.0000001
2509.0000001, 35.6900001, 49.0000001
2497.0000001, 35.6900001, 49.0000001
2474.0000001, 35.6900001, 49.0000001
2477.0000001, 35.6900001, 49.0000001
2506.0000001, 35.6900001, 48.0000001
2497.0000001, 35.6900001, 48.0000001
2474.0000001, 35.6900001, 47.0000001
2468.0000001, 35.6900001, 47.0000001
2491.0000001, 35.6900001, 48.0000001
2509.0000001, 35.6900001, 48.0000001
2465.0000001, 35.7500001, 47.0000001
2442.0000001, 35.7500001, 48.0000001
2459.0000001, 35.7500001, 53.0000001
2485.0000001, 35.7500001, 53.0000001
2459.0000001, 35.7500001, 53.0000001
2442.0000001, 35.7500001, 53.0000001
2450.0000001, 35.7500001, 53.0000001
2474.0000001, 35.7500001, 53.0000001
2462.0000001, 35.7500001, 61.0000001
2444.0000001, 35.7500001, 60.0000001
2439.0000001, 35.7500001, 60.0000001
2494.0000001, 35.7500001, 60.0000001
2509.0000001, 35.7500001, 59.0000001
2488.0000001, 35.7500001, 59.0000001
2488.0000001, 35.7500001, 59.0000001
2482.0000001, 35.7500001, 59.0000001
2494.0000001, 35.7500001, 59.0000001
2488.0000001, 35.7500001, 59.0000001
2471.0000001, 35.7500001, 59.0000001
2468.0000001, 35.7500001, 58.0000001
2488.0000001, 35.7500001, 55.0000001
2497.0000001, 35.7500001, 55.0000001
2494.0000001, 35.7500001, 55.0000001
2482.0000001, 35.7500001, 55.0000001
2488.0000001, 35.7500001, 55.0000001
2506.0000001, 35.7500001, 55.0000001
2515.0000001, 35.7500001, 54.0000001
2497.0000001, 35.7900001, 54.0000001
2480.0000001, 35.7900001, 54.0000001
2485.0000001, 35.7900001, 52.0000001
2506.0000001, 35.7900001, 52.0000001
2506.0000001, 35.7900001, 52.0000001
2485.0000001, 35.7900001, 51.0000001
2474.0000001, 35.7900001, 51.0000001
2480.0000001, 35.7900001, 51.0000001
2494.0000001, 35.7900001, 50.0000001
2500.0000001, 35.7900001, 53.0000001
2488.0000001, 35.7900001, 53.0000001
2471.0000001, 35.7900001, 52.0000001
2477.0000001, 35.7900001, 52.0000001
2494.0000001, 35.7900001, 51.0000001
2503.0000001, 35.7900001, 54.0000001
2485.0000001, 35.7900001, 53.0000001
2471.0000001, 35.7900001, 53.0000001
2482.0000001, 35.7900001, 53.0000001
2500.0000001, 35.7900001, 52.0000001
2500.0000001, 35.7900001, 52.0000001
2494.0000001, 35.7900001, 45.0000001
2482.0000001, 35.7900001, 45.0000001
2491.0000001, 35.7900001, 45.0000001
2506.0000001, 35.7900001, 45.0000001
2515.0000001, 35.7900001, 44.0000001
2500.0000001, 35.7900001, 43.0000001
2482.0000001, 35.7900001, 43.0000001
2471.0000001, 35.8400001, 44.0000001
2500.0000001, 35.8400001, 44.0000001
2506.0000001, 35.8400001, 50.0000001
2491.0000001, 35.8400001, 50.0000001
2474.0000001, 35.8400001, 46.0000001
2471.0000001, 35.8400001, 46.0000001
2488.0000001, 35.8400001, 46.0000001
2497.0000001, 35.8400001, 45.0000001
2346.0000001, 35.8400001, 45.0000001
2410.0000001, 35.8400001, 45.0000001
2427.0000001, 35.8400001, 45.0000001
2433.0000001, 35.8400001, 45.0000001
2450.0000001, 35.8400001, 50.0000001
2450.0000001, 35.8400001, 50.0000001
2436.0000001, 35.8400001, 50.0000001
2424.0000001, 35.8400001, 50.0000001
2433.0000001, 35.8400001, 51.0000001
2447.0000001, 35.8400001, 51.0000001
2459.0000001, 35.8400001, 51.0000001
2450.0000001, 35.8400001, 50.0000001
2436.0000001, 35.8400001, 50.0000001
2442.0000001, 35.8400001, 45.0000001
2456.0000001, 35.8400001, 44.0000001
2462.0000001, 35.8400001, 44.0000001
2447.0000001, 35.8400001, 44.0000001
2424.0000001, 35.8400001, 45.0000001
2430.0000001, 35.8400001, 44.0000001
2450.0000001, 35.8400001, 44.0000001
2453.0000001, 35.8800001, 44.0000001
2430.0000001, 35.8800001, 44.0000001
2416.0000001, 35.8800001, 44.0000001
2421.0000001, 35.8800001, 44.0000001
2433.0000001, 35.8800001, 44.0000001
2442.0000001, 35.8800001, 49.0000001
2424.0000001, 35.8800001, 48.0000001
2410.0000001, 35.8800001, 48.0000001
2413.0000001, 35.8800001, 48.0000001
2427.0000001, 35.8800001, 50.0000001
2433.0000001, 35.8800001, 49.0000001
2419.0000001, 35.8800001, 49.0000001
2399.0000001, 35.8800001, 49.0000001
2404.0000001, 35.8800001, 49.0000001
2416.0000001, 35.8800001, 48.0000001
2427.0000001, 35.8800001, 48.0000001
2416.0000001, 35.8800001, 47.0000001
2401.0000001, 35.8800001, 47.0000001
2396.0000001, 35.8800001, 47.0000001
2410.0000001, 35.8800001, 47.0000001
2421.0000001, 35.8800001, 50.0000001
2416.0000001, 35.8800001, 50.0000001
2401.0000001, 35.8800001, 49.0000001
2390.0000001, 35.8800001, 49.0000001
2401.0000001, 35.8800001, 49.0000001
2416.0000001, 35.8800001, 54.0000001
2421.0000001, 35.8800001, 53.0000001
2413.0000001, 35.9300001, 53.0000001
2410.0000001, 35.9300001, 53.0000001
2416.0000001, 35.9300001, 52.0000001
2430.0000001, 35.9300001, 49.0000001
2436.0000001, 35.9300001, 48.0000001
2427.0000001, 35.9300001, 48.0000001
2413.0000001, 35.9300001, 48.0000001
2407.0000001, 35.9300001, 48.0000001
2421.0000001, 35.9300001, 52.0000001
2436.0000001, 35.9300001, 51.0000001
2430.0000001, 35.9300001, 51.0000001
2419.0000001, 35.9300001, 51.0000001
2404.0000001, 35.9300001, 50.0000001
2413.0000001, 35.9300001, 53.0000001
2427.0000001, 35.9300001, 53.0000001
2436.0000001, 35.9300001, 53.0000001
2421.0000001, 35.9300001, 48.0000001
2404.0000001, 35.9300001, 48.0000001
2404.0000001, 35.9300001, 49.0000001
2413.0000001, 35.9300001, 49.0000001
2424.0000001, 35.9300001, 49.0000001
2413.0000001, 35.9300001, 49.0000001
2399.0000001, 35.9300001, 55.0000001
2393.0000001, 35.9300001, 55.0000001
2407.0000001, 35.9300001, 54.0000001
2421.0000001, 35.9300001, 54.0000001
2419.0000001, 35.9300001, 53.0000001
2404.0000001, 35.9500001, 53.0000001
2390.0000001, 35.9500001, 53.0000001
2401.0000001, 35.9500001, 48.0000001
2419.0000001, 35.9500001, 48.0000001
2419.0000001, 35.9500001, 47.0000001
2396.0000001, 35.9500001, 47.0000001
2387.0000001, 35.9500001, 53.0000001
2404.0000001, 35.9500001, 52.0000001
2421.0000001, 35.9500001, 52.0000001
2413.0000001, 35.9500001, 52.0000001
2387.0000001, 35.9500001, 51.0000001
2385.0000001, 35.9500001, 46.0000001
2401.0000001, 35.9500001, 46.0000001
2410.0000001, 35.9500001, 45.0000001
2393.0000001, 35.9500001, 45.0000001
2379.0000001, 35.9500001, 45.0000001
2387.0000001, 35.9500001, 45.0000001
2404.0000001, 35.9500001, 45.0000001
2401.0000001, 35.9500001, 45.0000001
2379.0000001, 35.9500001, 49.0000001
2371.0000001, 35.9500001, 49.0000001
2387.0000001, 35.9500001, 49.0000001
2399.0000001, 35.9500001, 49.0000001
2390.0000001, 35.9500001, 49.0000001
2376.0000001, 35.9500001, 49.0000001
2379.0000001, 35.9500001, 49.0000001
2393.0000001, 35.9500001, 49.0000001
2407.0000001, 36.0000001, 54.0000001
2393.0000001, 36.0000001, 53.0000001
2376.0000001, 36.0000001, 53.0000001
2382.0000001, 36.0000001, 53.0000001
2396.0000001, 36.0000001, 50.0000001
2404.0000001, 36.0000001, 49.0000001
2390.0000001, 36.0000001, 49.0000001
2376.0000001, 36.0000001, 49.0000001
2376.0000001, 36.0000001, 49.0000001
2390.0000001, 36.0000001, 53.0000001
2404.0000001, 36.0000001, 53.0000001
2393.0000001, 36.0000001, 52.0000001
2376.0000001, 36.0000001, 52.0000001
2373.0000001, 36.0000001, 51.0000001
2387.0000001, 36.0000001, 51.0000001
2396.0000001, 36.0000001, 50.0000001
2387.0000001, 36.0000001, 50.0000001
2376.0000001, 36.0000001, 49.0000001
2376.0000001, 36.0000001, 50.0000001
2393.0000001, 36.0000001, 50.0000001
2401.0000001, 36.0000001, 50.0000001
2396.0000001, 36.0000001, 49.0000001
2385.0000001, 36.0000001, 49.0000001
2387.0000001, 36.0000001, 54.0000001
2401.0000001, 36.0000001, 53.0000001
2410.0000001, 36.0000001, 53.0000001
2393.0000001, 36.0000001, 53.0000001
2362.0000001, 36.0100001, 52.0000001
2382.0000001, 36.0100001, 49.0000001
2396.0000001, 36.0100001, 48.0000001
2407.0000001, 36.0100001, 48.0000001
2393.0000001, 36.0100001, 47.0000001
2382.0000001, 36.0100001, 47.0000001
2385.0000001, 36.0100001, 46.0000001
2399.0000001, 36.0100001, 45.0000001
2410.0000001, 36.0100001, 45.0000001
2401.0000001, 36.0100001, 45.0000001
2382.0000001, 36.0100001, 45.0000001
2385.0000001, 36.0100001, 45.0000001
2396.0000001, 36.0100001, 45.0000001
2404.0000001, 36.0100001, 44.0000001
2396.0000001, 36.0100001, 44.0000001
2373.0000001, 36.0100001, 44.0000001
2365.0000001, 36.0100001, 44.0000001
2379.0000001, 36.0100001, 44.0000001
2396.0000001, 36.0100001, 44.0000001
2390.0000001, 36.0100001, 44.0000001
2373.0000001, 36.0100001, 46.0000001
2357.0000001, 36.0100001, 45.0000001
2365.0000001, 36.0100001, 45.0000001
2379.0000001, 36.0100001, 45.0000001
2393.0000001, 36.0100001, 45.0000001
2379.0000001, 36.0100001, 45.0000001
2360.0000001, 36.0100001, 44.0000001
2371.0000001, 36.0500001, 44.0000001
2371.0000001, 36.0500001, 44.0000001
2382.0000001, 36.0500001, 44.0000001
2371.0000001, 36.0500001, 44.0000001
2354.0000001, 36.0500001, 44.0000001
2346.0000001, 36.0500001, 43.0000001
2360.0000001, 36.0500001, 43.0000001
2373.0000001, 36.0500001, 43.0000001
2371.0000001, 36.0500001, 43.0000001
2357.0000001, 36.0500001, 43.0000001
2346.0000001, 36.0500001, 46.0000001
2349.0000001, 36.0500001, 45.0000001
2357.0000001, 36.0500001, 45.0000001
2368.0000001, 36.0500001, 45.0000001
2357.0000001, 36.0500001, 45.0000001
2343.0000001, 36.0500001, 45.0000001
2338.0000001, 36.0500001, 44.0000001
2349.0000001, 36.0500001, 44.0000001
2365.0000001, 36.0500001, 44.0000001
2360.0000001, 36.0500001, 44.0000001
2343.0000001, 36.0500001, 44.0000001
2335.0000001, 36.0500001, 43.0000001
2349.0000001, 36.0500001, 43.0000001
2362.0000001, 36.0500001, 43.0000001
2354.0000001, 36.0500001, 42.0000001
2338.0000001, 36.0500001, 42.0000001
2332.0000001, 36.0500001, 42.0000001
2343.0000001, 36.0800001, 42.0000001
2351.0000001, 36.0800001, 43.0000001
2346.0000001, 36.0800001, 43.0000001
2330.0000001, 36.0800001, 43.0000001
2330.0000001, 36.0800001, 45.0000001
2349.0000001, 36.0800001, 45.0000001
2354.0000001, 36.0800001, 45.0000001
2338.0000001, 36.0800001, 45.0000001
2332.0000001, 36.0800001, 45.0000001
2343.0000001, 36.0800001, 52.0000001
2354.0000001, 36.0800001, 52.0000001
2351.0000001, 36.0800001, 51.0000001
2340.0000001, 36.0800001, 50.0000001
2340.0000001, 36.0800001, 50.0000001
2360.0000001, 36.0800001, 53.0000001
2362.0000001, 36.0800001, 52.0000001
2349.0000001, 36.0800001, 52.0000001
2338.0000001, 36.0800001, 52.0000001
2349.0000001, 36.0800001, 51.0000001
2365.0000001, 36.0800001, 51.0000001
2357.0000001, 36.0800001, 50.0000001
2340.0000001, 36.0800001, 45.0000001
2338.0000001, 36.0800001, 45.0000001
2351.0000001, 36.0800001, 44.0000001
2362.0000001, 36.0800001, 44.0000001
2351.0000001, 36.0800001, 44.0000001
2332.0000001, 36.0800001, 45.0000001
2327.0000001, 36.0800001, 44.0000001
2340.0000001, 36.1000001, 45.0000001
2351.0000001, 36.1000001, 45.0000001
2349.0000001, 36.1000001, 44.0000001
2335.0000001, 36.1000001, 44.0000001
2321.0000001, 36.1000001, 45.0000001
2335.0000001, 36.1000001, 44.0000001
2351.0000001, 36.1000001, 44.0000001
2351.0000001, 36.1000001, 44.0000001
2338.0000001, 36.1000001, 43.0000001
2319.0000001, 36.1000001, 43.0000001
2330.0000001, 36.1000001, 43.0000001
2343.0000001, 36.1000001, 43.0000001
2343.0000001, 36.1000001, 48.0000001
2324.0000001, 36.1000001, 48.0000001
2311.0000001, 36.1000001, 47.0000001
2321.0000001, 36.1000001, 47.0000001
2343.0000001, 36.1000001, 47.0000001
2330.0000001, 36.1000001, 47.0000001
2311.0000001, 36.1000001, 51.0000001
2311.0000001, 36.1000001, 50.0000001
2321.0000001, 36.1000001, 50.0000001
2330.0000001, 36.1000001, 49.0000001
2316.0000001, 36.1000001, 49.0000001
2297.0000001, 36.1000001, 45.0000001
2303.0000001, 36.1000001, 45.0000001
2311.0000001, 36.1000001, 45.0000001
2321.0000001, 36.1000001, 45.0000001
2308.0000001, 36.1300001, 45.0000001
2292.0000001, 36.1300001, 45.0000001
2292.0000001, 36.1300001, 45.0000001
2305.0000001, 36.1300001, 45.0000001
2316.0000001, 36.1300001, 45.0000001
2303.0000001, 36.1300001, 45.0000001
2287.0000001, 36.1300001, 45.0000001
2292.0000001, 36.1300001, 45.0000001
2305.0000001, 36.1300001, 45.0000001
2305.0000001, 36.1300001, 45.0000001
2295.0000001, 36.1300001, 45.0000001
2282.0000001, 36.1300001, 45.0000001
2292.0000001, 36.1300001, 45.0000001
2308.0000001, 36.1300001, 45.0000001
2297.0000001, 36.1300001, 45.0000001
2282.0000001, 36.1300001, 45.0000001
2284.0000001, 36.1300001, 45.0000001
2300.0000001, 36.1300001, 44.0000001
2300.0000001, 36.1300001, 44.0000001
2284.0000001, 36.1300001, 44.0000001
2279.0000001, 36.1300001, 51.0000001
2292.0000001, 36.1300001, 50.0000001
2300.0000001, 36.1300001, 50.0000001
2287.0000001, 36.1300001, 50.0000001
2284.0000001, 36.1300001, 49.0000001
2284.0000001, 36.1300001, 46.0000001
2297.0000001, 36.1300001, 46.0000001
2295.0000001, 36.1500001, 46.0000001
2284.0000001, 36.1500001, 46.0000001
2276.0000001, 36.1500001, 46.0000001
2289.0000001, 36.1500001, 47.0000001
2297.0000001, 36.1500001, 48.0000001
2295.0000001, 36.1500001, 47.0000001
2295.0000001, 36.1500001, 47.0000001
2284.0000001, 36.1500001, 46.0000001
2292.0000001, 36.1500001, 46.0000001
2305.0000001, 36.1500001, 46.0000001
2303.0000001, 36.1500001, 46.0000001
2289.0000001, 36.1500001, 46.0000001
2276.0000001, 36.1500001, 45.0000001
2284.0000001, 36.1500001, 50.0000001
2300.0000001, 36.1500001, 49.0000001
2303.0000001, 36.1500001, 49.0000001
2287.0000001, 36.1500001, 48.0000001
2274.0000001, 36.1500001, 48.0000001
2287.0000001, 36.1500001, 48.0000001
2303.0000001, 36.1500001, 47.0000001
2297.0000001, 36.1500001, 47.0000001
2282.0000001, 36.1500001, 47.0000001
2279.0000001, 36.1500001, 49.0000001
2292.0000001, 36.1500001, 48.0000001
2305.0000001, 36.1500001, 48.0000001
2295.0000001, 36.1500001, 48.0000001
2276.0000001, 36.1500001, 46.0000001
2279.0000001, 36.1700001, 46.0000001
2295.0000001, 36.1700001, 43.0000001
2300.0000001, 36.1700001, 43.0000001
2287.0000001, 36.1700001, 43.0000001
2271.0000001, 36.1700001, 43.0000001
2279.0000001, 36.1700001, 44.0000001
2297.0000001, 36.1700001, 44.0000001
2295.0000001, 36.1700001, 44.0000001
2276.0000001, 36.1700001, 44.0000001
2263.0000001, 36.1700001, 44.0000001
2279.0000001, 36.1700001, 44.0000001
2297.0000001, 36.1700001, 44.0000001
2289.0000001, 36.1700001, 44.0000001
2266.0000001, 36.1700001, 44.0000001
2263.0000001, 36.1700001, 45.0000001
2279.0000001, 36.1700001, 44.0000001
2289.0000001, 36.1700001, 44.0000001
2284.0000001, 36.1700001, 44.0000001
2266.0000001, 36.1700001, 44.0000001
2263.0000001, 36.1700001, 44.0000001
2276.0000001, 36.1700001, 44.0000001
2289.0000001, 36.1700001, 45.0000001
2287.0000001, 36.1700001, 45.0000001
2274.0000001, 36.1700001, 44.0000001
2263.0000001, 36.1700001, 45.0000001
2271.0000001, 36.1700001, 44.0000001
2287.0000001, 36.1700001, 44.0000001
2287.0000001, 36.1900001, 44.0000001
2274.0000001, 36.1900001, 45.0000001
2263.0000001, 36.1900001, 44.0000001
2274.0000001, 36.1900001, 44.0000001
2289.0000001, 36.1900001, 44.0000001
2287.0000001, 36.1900001, 44.0000001
2271.0000001, 36.1900001, 43.0000001
2276.0000001, 36.1900001, 43.0000001
2287.0000001, 36.1900001, 43.0000001
2295.0000001, 36.1900001, 43.0000001
2282.0000001, 36.1900001, 43.0000001
2274.0000001, 36.1900001, 43.0000001
2276.0000001, 36.1900001, 46.0000001
2292.0000001, 36.1900001, 45.0000001
2282.0000001, 36.1900001, 45.0000001
2263.0000001, 36.1900001, 45.0000001
2271.0000001, 36.1900001, 53.0000001
2287.0000001, 36.1900001, 52.0000001
2287.0000001, 36.1900001, 52.0000001
2268.0000001, 36.1900001, 52.0000001
2250.0000001, 36.1900001, 51.0000001
2271.0000001, 36.1900001, 51.0000001
2289.0000001, 36.1900001, 51.0000001
2284.0000001, 36.1900001, 51.0000001
248.0000001, 34.7000001, 78.0000001
240.0000001, 34.7000001, 78.0000001
231.0000001, 34.7000001, 78.0000001
239.0000001, 34.7000001, 78.0000001
228.0000001, 34.7000001, 78.0000001
242.0000001, 34.7000001, 78.0000001
217.0000001, 34.7000001, 77.0000001
221.0000001, 34.7000001, 77.0000001
226.0000001, 34.7000001, 77.0000001
234.0000001, 34.7000001, 77.0000001
242.0000001, 34.7000001, 77.0000001
248.0000001, 34.7000001, 77.0000001
245.0000001, 34.7000001, 76.0000001
235.0000001, 34.7000001, 77.0000001
235.0000001, 34.7000001, 76.0000001
243.0000001, 34.7000001, 76.0000001
244.0000001, 34.7000001, 76.0000001
252.0000001, 34.7000001, 75.0000001
259.0000001, 34.7000001, 76.0000001
256.0000001, 34.7000001, 75.0000001
221.0000001, 34.7000001, 75.0000001
196.0000001, 34.7000001, 75.0000001
191.0000001, 34.7000001, 75.0000001
192.0000001, 34.7000001, 75.0000001
187.0000001, 34.7000001, 75.0000001
183.0000001, 34.7000001, 73.0000001
177.0000001, 34.7000001, 74.0000001
168.0000001, 34.7700001, 74.0000001
164.0000001, 34.7700001, 74.0000001
157.0000001, 34.7700001, 73.0000001
180.0000001, 34.7700001, 73.0000001
203.0000001, 34.7700001, 73.0000001
223.0000001, 34.7700001, 75.0000001
243.0000001, 34.7700001, 74.0000001
255.0000001, 34.7700001, 74.0000001
267.0000001, 34.7700001, 73.0000001
280.0000001, 34.7700001, 73.0000001
288.0000001, 34.7700001, 72.0000001
282.0000001, 34.7700001, 72.0000001
274.0000001, 34.7700001, 72.0000001
252.0000001, 34.7700001, 73.0000001
223.0000001, 34.7700001, 73.0000001
191.0000001, 34.7700001, 73.0000001
171.0000001, 34.7700001, 73.0000001
191.0000001, 34.7700001, 73.0000001
197.0000001, 34.7700001, 73.0000001
194.0000001, 34.7700001, 73.0000001
181.0000001, 34.7700001, 72.0000001
177.0000001, 34.7700001, 73.0000001
173.0000001, 34.7700001, 73.0000001
176.0000001, 34.7700001, 74.0000001
179.0000001, 34.7700001, 73.0000001
168.0000001, 34.7700001, 73.0000001
161.0000001, 34.8000001, 83.0000001
158.0000001, 34.8000001, 84.0000001
158.0000001, 34.8000001, 83.0000001
160.0000001, 34.8000001, 83.0000001
159.0000001, 34.8600001, 83.0000001
