991.0000001, 35.8400001, 61.0000001
991.0000001, 35.8400001, 61.0000001
991.0000001, 35.8400001, 61.0000001
992.0000001, 35.8400001, 61.0000001
991.0000001, 35.8400001, 61.0000001
991.0000001, 35.8400001, 61.0000001
985.0000001, 35.8400001, 61.0000001
981.0000001, 35.8400001, 67.0000001
980.0000001, 35.8400001, 67.0000001
994.0000001, 35.8400001, 68.0000001
1002.0000001, 35.8400001, 68.0000001
1005.0000001, 35.8400001, 68.0000001
1007.0000001, 35.8400001, 67.0000001
1008.0000001, 35.8400001, 67.0000001
1010.0000001, 35.8600001, 67.0000001
1013.0000001, 35.8600001, 66.0000001
1016.0000001, 35.8600001, 57.0000001
1017.0000001, 35.8600001, 57.0000001
1020.0000001, 35.8600001, 56.0000001
1015.0000001, 35.8600001, 55.0000001
1014.0000001, 35.8600001, 54.0000001
1010.0000001, 35.8600001, 53.0000001
1004.0000001, 35.8600001, 52.0000001
999.0000001, 35.8600001, 52.0000001
994.0000001, 35.8600001, 53.0000001
1012.0000001, 35.8600001, 52.0000001
1016.0000001, 35.8600001, 53.0000001
1015.0000001, 35.8600001, 53.0000001
1016.0000001, 35.8600001, 54.0000001
1016.0000001, 35.8600001, 54.0000001
1016.0000001, 35.8600001, 54.0000001
1016.0000001, 35.8600001, 54.0000001
1015.0000001, 35.8600001, 55.0000001
1016.0000001, 35.8600001, 62.0000001
1012.0000001, 35.8600001, 61.0000001
1013.0000001, 35.8600001, 61.0000001
1015.0000001, 35.8600001, 61.0000001
1015.0000001, 35.8600001, 60.0000001
1015.0000001, 35.8600001, 61.0000001
1015.0000001, 35.8600001, 61.0000001
1015.0000001, 35.8600001, 61.0000001
1014.0000001, 35.8600001, 61.0000001
1014.0000001, 35.8600001, 60.0000001
1014.0000001, 35.8700001, 59.0000001
1011.0000001, 35.8700001, 59.0000001
1009.0000001, 35.8700001, 56.0000001
1007.0000001, 35.8700001, 56.0000001
1005.0000001, 35.8700001, 56.0000001
1005.0000001, 35.8700001, 56.0000001
1002.0000001, 35.8700001, 57.0000001
1000.0000001, 35.8700001, 57.0000001
999.0000001, 35.8700001, 57.0000001
998.0000001, 35.8700001, 59.0000001
998.0000001, 35.8700001, 59.0000001
997.0000001, 35.8700001, 56.0000001
996.0000001, 35.8700001, 52.0000001
997.0000001, 35.8700001, 56.0000001
993.0000001, 35.8700001, 56.0000001
996.0000001, 35.8700001, 55.0000001
993.0000001, 35.8700001, 61.0000001
994.0000001, 35.8700001, 63.0000001
996.0000001, 35.8700001, 65.0000001
998.0000001, 35.8700001, 68.0000001
1000.0000001, 35.8700001, 68.0000001
1002.0000001, 35.8700001, 69.0000001
1001.0000001, 35.8700001, 68.0000001
1000.0000001, 35.8700001, 68.0000001
1000.0000001, 35.8700001, 69.0000001
1001.0000001, 35.8700001, 68.0000001
1003.0000001, 35.8700001, 66.0000001
1005.0000001, 35.8700001, 63.0000001
1006.0000001, 35.8700001, 64.0000001
1006.0000001, 35.8700001, 64.0000001
1006.0000001, 35.8700001, 63.0000001
1003.0000001, 35.8700001, 62.0000001
1004.0000001, 35.8700001, 61.0000001
1005.0000001, 35.8700001, 61.0000001
1007.0000001, 35.8700001, 60.0000001
1010.0000001, 35.8700001, 59.0000001
1011.0000001, 35.8700001, 59.0000001
1011.0000001, 35.8700001, 59.0000001
1012.0000001, 35.8700001, 58.0000001
1013.0000001, 35.8700001, 58.0000001
1014.0000001, 35.8700001, 61.0000001
1014.0000001, 35.8700001, 63.0000001
1014.0000001, 35.8700001, 63.0000001
1014.0000001, 35.8700001, 64.0000001
1015.0000001, 35.8700001, 66.0000001
1016.0000001, 35.8700001, 65.0000001
1015.0000001, 35.8700001, 65.0000001
1014.0000001, 35.8700001, 66.0000001
1014.0000001, 35.8700001, 67.0000001
1014.0000001, 35.8700001, 67.0000001
1013.0000001, 35.8700001, 69.0000001
1012.0000001, 35.8700001, 68.0000001
1011.0000001, 35.8700001, 68.0000001
1011.0000001, 35.8700001, 68.0000001
1012.0000001, 35.8700001, 66.0000001
1017.0000001, 35.8700001, 65.0000001
1022.0000001, 35.8700001, 59.0000001
1025.0000001, 35.8800001, 59.0000001
1027.0000001, 35.8800001, 59.0000001
1029.0000001, 35.8800001, 63.0000001
1030.0000001, 35.8800001, 69.0000001
1032.0000001, 35.8800001, 69.0000001
1032.0000001, 35.8800001, 67.0000001
1032.0000001, 35.8800001, 66.0000001
1031.0000001, 35.8800001, 65.0000001
1027.0000001, 35.8800001, 64.0000001
1029.0000001, 35.8800001, 64.0000001
1029.0000001, 35.8800001, 64.0000001
1029.0000001, 35.8800001, 65.0000001
1029.0000001, 35.8800001, 65.0000001
1030.0000001, 35.8800001, 69.0000001
1033.0000001, 35.8800001, 69.0000001
1033.0000001, 35.8800001, 69.0000001
1033.0000001, 35.8800001, 69.0000001
1036.0000001, 35.8800001, 68.0000001
1037.0000001, 35.8800001, 68.0000001
1039.0000001, 35.8800001, 69.0000001
1040.0000001, 35.8800001, 66.0000001
1042.0000001, 35.8800001, 64.0000001
1043.0000001, 35.8800001, 64.0000001
1041.0000001, 35.8800001, 64.0000001
1035.0000001, 35.8800001, 63.0000001
1033.0000001, 35.8800001, 62.0000001
1038.0000001, 35.8800001, 58.0000001
1041.0000001, 35.8800001, 58.0000001
1043.0000001, 35.8700001, 56.0000001
1045.0000001, 35.8700001, 56.0000001
1046.0000001, 35.8700001, 57.0000001
1049.0000001, 35.8700001, 57.0000001
1049.0000001, 35.8700001, 65.0000001
1050.0000001, 35.8700001, 68.0000001
1052.0000001, 35.8700001, 69.0000001
1052.0000001, 35.8700001, 73.0000001
1052.0000001, 35.8700001, 72.0000001
1054.0000001, 35.8700001, 73.0000001
1053.0000001, 35.8700001, 75.0000001
1054.0000001, 35.8700001, 76.0000001
1053.0000001, 35.8700001, 76.0000001
1045.0000001, 35.8700001, 76.0000001
1044.0000001, 35.8700001, 75.0000001
1045.0000001, 35.8700001, 75.0000001
1048.0000001, 35.8700001, 76.0000001
1043.0000001, 35.8700001, 76.0000001
1041.0000001, 35.8700001, 76.0000001
1040.0000001, 35.8700001, 76.0000001
1037.0000001, 35.8700001, 76.0000001
1035.0000001, 35.8700001, 76.0000001
1032.0000001, 35.8700001, 76.0000001
1033.0000001, 35.8700001, 76.0000001
1033.0000001, 35.8700001, 76.0000001
1029.0000001, 35.8700001, 76.0000001
1026.0000001, 35.8700001, 74.0000001
1022.0000001, 35.8700001, 74.0000001
1024.0000001, 35.8700001, 74.0000001
1026.0000001, 35.8800001, 73.0000001
1027.0000001, 35.8800001, 72.0000001
1027.0000001, 35.8800001, 54.0000001
1029.0000001, 35.8800001, 56.0000001
1037.0000001, 35.8800001, 56.0000001
1040.0000001, 35.8800001, 53.0000001
1037.0000001, 35.8800001, 52.0000001
1041.0000001, 35.8800001, 53.0000001
1033.0000001, 35.8800001, 53.0000001
1042.0000001, 35.8800001, 53.0000001
1045.0000001, 35.8800001, 54.0000001
1040.0000001, 35.8800001, 55.0000001
1007.0000001, 35.8800001, 56.0000001
996.0000001, 35.8800001, 57.0000001
1008.0000001, 35.8800001, 57.0000001
1009.0000001, 35.8800001, 57.0000001
1009.0000001, 35.8800001, 57.0000001
1008.0000001, 35.8800001, 57.0000001
1009.0000001, 35.8800001, 57.0000001
1011.0000001, 35.8800001, 57.0000001
1014.0000001, 35.8800001, 57.0000001
1012.0000001, 35.8800001, 77.0000001
1012.0000001, 35.8800001, 76.0000001
1013.0000001, 35.8800001, 76.0000001
1014.0000001, 35.8800001, 74.0000001
1015.0000001, 35.8800001, 72.0000001
1016.0000001, 35.8800001, 71.0000001
1017.0000001, 35.8800001, 59.0000001
1017.0000001, 35.8500001, 57.0000001
1019.0000001, 35.8500001, 58.0000001
1019.0000001, 35.8500001, 55.0000001
1021.0000001, 35.8500001, 55.0000001
1021.0000001, 35.8500001, 55.0000001
1022.0000001, 35.8500001, 55.0000001
1023.0000001, 35.8500001, 55.0000001
1024.0000001, 35.8500001, 58.0000001
1025.0000001, 35.8500001, 60.0000001
1025.0000001, 35.8500001, 62.0000001
1024.0000001, 35.8500001, 63.0000001
1026.0000001, 35.8500001, 63.0000001
1026.0000001, 35.8500001, 64.0000001
1026.0000001, 35.8500001, 63.0000001
1027.0000001, 35.8500001, 62.0000001
1027.0000001, 35.8500001, 61.0000001
1027.0000001, 35.8500001, 61.0000001
1028.0000001, 35.8500001, 61.0000001
1028.0000001, 35.8500001, 61.0000001
1029.0000001, 35.8500001, 61.0000001
1029.0000001, 35.8500001, 61.0000001
1029.0000001, 35.8500001, 61.0000001
1029.0000001, 35.8500001, 62.0000001
1030.0000001, 35.8500001, 61.0000001
1031.0000001, 35.8500001, 61.0000001
1032.0000001, 35.8500001, 62.0000001
1034.0000001, 35.8500001, 62.0000001
1033.0000001, 35.8500001, 63.0000001
1038.0000001, 35.8500001, 66.0000001
1036.0000001, 35.8600001, 66.0000001
1035.0000001, 35.8600001, 66.0000001
1035.0000001, 35.8600001, 66.0000001
1036.0000001, 35.8600001, 65.0000001
1037.0000001, 35.8600001, 64.0000001
1036.0000001, 35.8600001, 64.0000001
1037.0000001, 35.8600001, 64.0000001
1036.0000001, 35.8600001, 63.0000001
1036.0000001, 35.8600001, 63.0000001
1036.0000001, 35.8600001, 67.0000001
1037.0000001, 35.8600001, 66.0000001
1037.0000001, 35.8600001, 69.0000001
1036.0000001, 35.8600001, 69.0000001
1036.0000001, 35.8600001, 68.0000001
1037.0000001, 35.8600001, 64.0000001
1038.0000001, 35.8600001, 66.0000001
1037.0000001, 35.8600001, 67.0000001
1038.0000001, 35.8600001, 68.0000001
1039.0000001, 35.8600001, 72.0000001
1038.0000001, 35.8600001, 72.0000001
1038.0000001, 35.8600001, 73.0000001
1038.0000001, 35.8600001, 73.0000001
1038.0000001, 35.8600001, 73.0000001
1038.0000001, 35.8600001, 70.0000001
1039.0000001, 35.8600001, 69.0000001
1039.0000001, 35.8600001, 68.0000001
1040.0000001, 35.8600001, 68.0000001
1040.0000001, 35.8600001, 67.0000001
1040.0000001, 35.8600001, 63.0000001
1040.0000001, 35.8600001, 63.0000001
1042.0000001, 35.8600001, 61.0000001
1044.0000001, 35.8600001, 61.0000001
1045.0000001, 35.8600001, 63.0000001
1044.0000001, 35.8600001, 63.0000001
1043.0000001, 35.8600001, 63.0000001
1042.0000001, 35.8600001, 69.0000001
1041.0000001, 35.8600001, 68.0000001
1043.0000001, 35.8600001, 68.0000001
1043.0000001, 35.8600001, 68.0000001
1045.0000001, 35.8600001, 68.0000001
1045.0000001, 35.8600001, 70.0000001
1039.0000001, 35.8600001, 70.0000001
1040.0000001, 35.8600001, 71.0000001
1040.0000001, 35.8600001, 71.0000001
1048.0000001, 35.8600001, 71.0000001
1048.0000001, 35.8600001, 71.0000001
1048.0000001, 35.8600001, 71.0000001
1048.0000001, 35.8600001, 71.0000001
1049.0000001, 35.8600001, 72.0000001
1049.0000001, 35.8600001, 73.0000001
1048.0000001, 35.8600001, 74.0000001
1046.0000001, 35.8600001, 78.0000001
1048.0000001, 35.8600001, 76.0000001
1048.0000001, 35.8600001, 75.0000001
1048.0000001, 35.8600001, 74.0000001
1048.0000001, 35.8600001, 73.0000001
1049.0000001, 35.8600001, 70.0000001
1048.0000001, 35.8500001, 69.0000001
1048.0000001, 35.8500001, 66.0000001
1046.0000001, 35.8500001, 65.0000001
1046.0000001, 35.8500001, 65.0000001
1046.0000001, 35.8500001, 65.0000001
1044.0000001, 35.8500001, 66.0000001
1044.0000001, 35.8500001, 66.0000001
1045.0000001, 35.8500001, 67.0000001
1044.0000001, 35.8500001, 66.0000001
1044.0000001, 35.8500001, 63.0000001
1043.0000001, 35.8500001, 61.0000001
1043.0000001, 35.8500001, 60.0000001
1043.0000001, 35.8500001, 60.0000001
1043.0000001, 35.8500001, 59.0000001
1043.0000001, 35.8500001, 59.0000001
1043.0000001, 35.8500001, 59.0000001
1043.0000001, 35.8500001, 66.0000001
1043.0000001, 35.8500001, 68.0000001
1043.0000001, 35.8500001, 69.0000001
1043.0000001, 35.8500001, 70.0000001
1043.0000001, 35.8500001, 70.0000001
1042.0000001, 35.8500001, 71.0000001
1042.0000001, 35.8500001, 70.0000001
1044.0000001, 35.8500001, 69.0000001
1042.0000001, 35.8500001, 69.0000001
1043.0000001, 35.8500001, 69.0000001
1043.0000001, 35.8500001, 69.0000001
1043.0000001, 35.8500001, 69.0000001
1043.0000001, 35.8800001, 73.0000001
1043.0000001, 35.8800001, 73.0000001
1042.0000001, 35.8800001, 73.0000001
1042.0000001, 35.8800001, 76.0000001
1042.0000001, 35.8800001, 75.0000001
1042.0000001, 35.8800001, 76.0000001
1042.0000001, 35.8800001, 75.0000001
1042.0000001, 35.8800001, 74.0000001
1042.0000001, 35.8800001, 73.0000001
1041.0000001, 35.8800001, 72.0000001
1041.0000001, 35.8800001, 71.0000001
1041.0000001, 35.8800001, 71.0000001
1041.0000001, 35.8800001, 71.0000001
1041.0000001, 35.8800001, 61.0000001
1040.0000001, 35.8800001, 60.0000001
1041.0000001, 35.8800001, 60.0000001
1040.0000001, 35.8800001, 60.0000001
1040.0000001, 35.8800001, 60.0000001
1039.0000001, 35.8800001, 62.0000001
1039.0000001, 35.8800001, 63.0000001
1040.0000001, 35.8800001, 65.0000001
1040.0000001, 35.8800001, 65.0000001
1040.0000001, 35.8800001, 65.0000001
1039.0000001, 35.8800001, 64.0000001
1038.0000001, 35.8800001, 63.0000001
1039.0000001, 35.8800001, 62.0000001
1039.0000001, 35.8800001, 63.0000001
1039.0000001, 35.8800001, 62.0000001
1028.0000001, 35.8800001, 63.0000001
1040.0000001, 35.8800001, 63.0000001
1039.0000001, 35.8800001, 62.0000001
1039.0000001, 35.8800001, 62.0000001
1040.0000001, 35.8800001, 62.0000001
1039.0000001, 35.8800001, 61.0000001
1038.0000001, 35.8800001, 61.0000001
1038.0000001, 35.8800001, 62.0000001
1038.0000001, 35.8800001, 62.0000001
1038.0000001, 35.8800001, 62.0000001
1039.0000001, 35.8800001, 63.0000001
1039.0000001, 35.8800001, 63.0000001
1039.0000001, 35.8800001, 62.0000001
1040.0000001, 35.8800001, 61.0000001
1039.0000001, 35.8800001, 61.0000001
1040.0000001, 35.8800001, 60.0000001
1040.0000001, 35.8800001, 60.0000001
1040.0000001, 35.8800001, 59.0000001
1040.0000001, 35.8800001, 60.0000001
1040.0000001, 35.8800001, 60.0000001
1040.0000001, 35.8800001, 61.0000001
1041.0000001, 35.8800001, 62.0000001
1040.0000001, 35.8800001, 64.0000001
1040.0000001, 35.8800001, 64.0000001
1039.0000001, 35.8800001, 65.0000001
1037.0000001, 35.8800001, 65.0000001
1038.0000001, 35.8800001, 65.0000001
1038.0000001, 35.8800001, 65.0000001
1039.0000001, 35.8800001, 64.0000001
1037.0000001, 35.8900001, 63.0000001
1038.0000001, 35.8900001, 63.0000001
1037.0000001, 35.8900001, 63.0000001
1037.0000001, 35.8900001, 63.0000001
1038.0000001, 35.8900001, 66.0000001
1038.0000001, 35.8900001, 66.0000001
1038.0000001, 35.8900001, 65.0000001
1038.0000001, 35.8900001, 66.0000001
1039.0000001, 35.8900001, 66.0000001
1038.0000001, 35.8900001, 66.0000001
1038.0000001, 35.8900001, 66.0000001
1038.0000001, 35.8900001, 69.0000001
1038.0000001, 35.8900001, 69.0000001
1038.0000001, 35.8900001, 68.0000001
1038.0000001, 35.8900001, 66.0000001
1037.0000001, 35.8900001, 66.0000001
1037.0000001, 35.8900001, 64.0000001
1037.0000001, 35.8900001, 64.0000001
1037.0000001, 35.8900001, 64.0000001
1037.0000001, 35.8900001, 65.0000001
1037.0000001, 35.8900001, 65.0000001
1037.0000001, 35.8900001, 65.0000001
1036.0000001, 35.8900001, 66.0000001
1036.0000001, 35.8900001, 65.0000001
1036.0000001, 35.8900001, 64.0000001
1036.0000001, 35.8900001, 64.0000001
1037.0000001, 35.8900001, 64.0000001
1036.0000001, 35.8900001, 64.0000001
1036.0000001, 35.9000001, 63.0000001
1035.0000001, 35.9000001, 63.0000001
1036.0000001, 35.9000001, 63.0000001
1036.0000001, 35.9000001, 63.0000001
1037.0000001, 35.9000001, 62.0000001
1037.0000001, 35.9000001, 63.0000001
1038.0000001, 35.9000001, 63.0000001
1039.0000001, 35.9000001, 63.0000001
1040.0000001, 35.9000001, 62.0000001
1041.0000001, 35.9000001, 63.0000001
1041.0000001, 35.9000001, 63.0000001
1043.0000001, 35.9000001, 64.0000001
1044.0000001, 35.9000001, 63.0000001
1045.0000001, 35.9000001, 66.0000001
1048.0000001, 35.9000001, 66.0000001
1048.0000001, 35.9000001, 66.0000001
1049.0000001, 35.9000001, 65.0000001
1049.0000001, 35.9000001, 65.0000001
1049.0000001, 35.9000001, 65.0000001
1049.0000001, 35.9000001, 66.0000001
1048.0000001, 35.9000001, 65.0000001
1049.0000001, 35.9000001, 66.0000001
1049.0000001, 35.9000001, 69.0000001
1051.0000001, 35.9000001, 73.0000001
1052.0000001, 35.9000001, 73.0000001
1052.0000001, 35.9000001, 73.0000001
1053.0000001, 35.9000001, 73.0000001
1054.0000001, 35.9000001, 73.0000001
1042.0000001, 35.9300001, 72.0000001
1052.0000001, 35.9300001, 72.0000001
1052.0000001, 35.9300001, 68.0000001
1050.0000001, 35.9300001, 68.0000001
1048.0000001, 35.9300001, 67.0000001
1046.0000001, 35.9300001, 66.0000001
1045.0000001, 35.9300001, 66.0000001
1044.0000001, 35.9300001, 67.0000001
1042.0000001, 35.9300001, 69.0000001
1041.0000001, 35.9300001, 67.0000001
1040.0000001, 35.9300001, 68.0000001
1039.0000001, 35.9300001, 67.0000001
1038.0000001, 35.9300001, 66.0000001
1037.0000001, 35.9300001, 65.0000001
1037.0000001, 35.9300001, 64.0000001
1036.0000001, 35.9300001, 62.0000001
1036.0000001, 35.9300001, 62.0000001
1036.0000001, 35.9300001, 63.0000001
1036.0000001, 35.9300001, 64.0000001
1034.0000001, 35.9300001, 64.0000001
1033.0000001, 35.9300001, 70.0000001
1030.0000001, 35.9300001, 71.0000001
1027.0000001, 35.9300001, 70.0000001
1026.0000001, 35.9300001, 70.0000001
1025.0000001, 35.9300001, 70.0000001
1024.0000001, 35.9300001, 69.0000001
1025.0000001, 35.9300001, 68.0000001
1025.0000001, 35.9300001, 69.0000001
1025.0000001, 35.9300001, 69.0000001
1023.0000001, 35.9300001, 70.0000001
1024.0000001, 35.9300001, 72.0000001
1022.0000001, 35.9300001, 71.0000001
1022.0000001, 35.9300001, 71.0000001
1023.0000001, 35.9300001, 71.0000001
1022.0000001, 35.9300001, 73.0000001
1022.0000001, 35.9300001, 74.0000001
1021.0000001, 35.9300001, 75.0000001
1021.0000001, 35.9300001, 77.0000001
1022.0000001, 35.9300001, 77.0000001
1023.0000001, 35.9300001, 77.0000001
1024.0000001, 35.9300001, 78.0000001
1022.0000001, 35.9300001, 77.0000001
1023.0000001, 35.9300001, 75.0000001
1024.0000001, 35.9300001, 74.0000001
1023.0000001, 35.9300001, 73.0000001
1024.0000001, 35.9300001, 73.0000001
1023.0000001, 35.9300001, 66.0000001
1024.0000001, 35.9300001, 64.0000001
1023.0000001, 35.9300001, 62.0000001
1023.0000001, 35.9300001, 62.0000001
1024.0000001, 35.9300001, 63.0000001
1023.0000001, 35.9300001, 65.0000001
1022.0000001, 35.9300001, 78.0000001
1023.0000001, 35.9300001, 71.0000001
1024.0000001, 35.9300001, 71.0000001
1024.0000001, 35.9300001, 71.0000001
1024.0000001, 35.9300001, 69.0000001
1025.0000001, 35.9500001, 69.0000001
1024.0000001, 35.9500001, 68.0000001
1025.0000001, 35.9500001, 59.0000001
1024.0000001, 35.9500001, 59.0000001
1024.0000001, 35.9500001, 57.0000001
1025.0000001, 35.9500001, 56.0000001
1025.0000001, 35.9500001, 56.0000001
1025.0000001, 35.9500001, 55.0000001
1026.0000001, 35.9500001, 54.0000001
1026.0000001, 35.9500001, 54.0000001
1025.0000001, 35.9500001, 54.0000001
1025.0000001, 35.9500001, 54.0000001
1024.0000001, 35.9500001, 54.0000001
1025.0000001, 35.9500001, 55.0000001
1026.0000001, 35.9500001, 56.0000001
1027.0000001, 35.9500001, 58.0000001
1027.0000001, 35.9500001, 63.0000001
1026.0000001, 35.9500001, 63.0000001
1027.0000001, 35.9500001, 64.0000001
1027.0000001, 35.9500001, 65.0000001
1027.0000001, 35.9500001, 65.0000001
1027.0000001, 35.9500001, 64.0000001
1027.0000001, 35.9500001, 63.0000001
1025.0000001, 35.9500001, 63.0000001
1023.0000001, 35.9500001, 63.0000001
1023.0000001, 35.9500001, 63.0000001
1024.0000001, 35.9500001, 63.0000001
1024.0000001, 35.9500001, 63.0000001
1025.0000001, 35.9600001, 66.0000001
1026.0000001, 35.9600001, 66.0000001
1027.0000001, 35.9600001, 67.0000001
1026.0000001, 35.9600001, 68.0000001
1026.0000001, 35.9600001, 70.0000001
1027.0000001, 35.9600001, 72.0000001
1026.0000001, 35.9600001, 73.0000001
1026.0000001, 35.9600001, 71.0000001
1028.0000001, 35.9600001, 70.0000001
1028.0000001, 35.9600001, 70.0000001
1028.0000001, 35.9600001, 69.0000001
1028.0000001, 35.9600001, 70.0000001
1027.0000001, 35.9600001, 70.0000001
1028.0000001, 35.9600001, 73.0000001
1028.0000001, 35.9600001, 74.0000001
1029.0000001, 35.9600001, 74.0000001
1029.0000001, 35.9600001, 75.0000001
1028.0000001, 35.9600001, 75.0000001
1028.0000001, 35.9600001, 73.0000001
1028.0000001, 35.9600001, 73.0000001
1028.0000001, 35.9600001, 71.0000001
1029.0000001, 35.9600001, 71.0000001
1029.0000001, 35.9600001, 69.0000001
1030.0000001, 35.9600001, 70.0000001
1030.0000001, 35.9600001, 69.0000001
1030.0000001, 35.9600001, 68.0000001
1030.0000001, 35.9600001, 69.0000001
1030.0000001, 35.9600001, 69.0000001
1029.0000001, 35.9800001, 68.0000001
1030.0000001, 35.9800001, 68.0000001
1030.0000001, 35.9800001, 69.0000001
1030.0000001, 35.9800001, 68.0000001
1030.0000001, 35.9800001, 68.0000001
1029.0000001, 35.9800001, 68.0000001
1029.0000001, 35.9800001, 69.0000001
1030.0000001, 35.9800001, 72.0000001
1030.0000001, 35.9800001, 71.0000001
1030.0000001, 35.9800001, 70.0000001
1030.0000001, 35.9800001, 69.0000001
1030.0000001, 35.9800001, 68.0000001
1031.0000001, 35.9800001, 68.0000001
1032.0000001, 35.9800001, 69.0000001
1025.0000001, 35.9800001, 73.0000001
1027.0000001, 35.9800001, 73.0000001
1026.0000001, 35.9800001, 73.0000001
1026.0000001, 35.9800001, 73.0000001
1028.0000001, 35.9800001, 73.0000001
1030.0000001, 35.9800001, 72.0000001
1031.0000001, 35.9800001, 71.0000001
1032.0000001, 35.9800001, 71.0000001
1033.0000001, 35.9800001, 70.0000001
1033.0000001, 35.9800001, 70.0000001
1036.0000001, 35.9800001, 71.0000001
1036.0000001, 35.9800001, 72.0000001
1036.0000001, 35.9800001, 71.0000001
1038.0000001, 35.9800001, 72.0000001
1031.0000001, 35.9800001, 72.0000001
1039.0000001, 36.0000001, 72.0000001
1040.0000001, 36.0000001, 71.0000001
1041.0000001, 36.0000001, 71.0000001
1042.0000001, 36.0000001, 71.0000001
1046.0000001, 36.0000001, 75.0000001
1046.0000001, 36.0000001, 75.0000001
1048.0000001, 36.0000001, 74.0000001
1049.0000001, 36.0000001, 69.0000001
1048.0000001, 36.0000001, 65.0000001
1050.0000001, 36.0000001, 64.0000001
1050.0000001, 36.0000001, 64.0000001
1051.0000001, 36.0000001, 64.0000001
1051.0000001, 36.0000001, 65.0000001
1052.0000001, 36.0000001, 66.0000001
1052.0000001, 36.0000001, 67.0000001
1053.0000001, 36.0000001, 67.0000001
1054.0000001, 36.0000001, 67.0000001
1053.0000001, 36.0000001, 66.0000001
1054.0000001, 36.0000001, 66.0000001
1054.0000001, 36.0000001, 67.0000001
1054.0000001, 36.0000001, 67.0000001
1052.0000001, 36.0000001, 69.0000001
1057.0000001, 36.0000001, 70.0000001
1052.0000001, 36.0000001, 70.0000001
1051.0000001, 36.0000001, 70.0000001
1055.0000001, 36.0000001, 69.0000001
1056.0000001, 36.0000001, 69.0000001
1055.0000001, 36.0000001, 69.0000001
1059.0000001, 36.0000001, 70.0000001
1059.0000001, 36.0000001, 71.0000001
1062.0000001, 36.0000001, 71.0000001
1062.0000001, 36.0000001, 72.0000001
1062.0000001, 36.0000001, 72.0000001
1058.0000001, 36.0000001, 71.0000001
1058.0000001, 36.0000001, 71.0000001
1057.0000001, 36.0000001, 70.0000001
1057.0000001, 36.0000001, 70.0000001
1058.0000001, 36.0000001, 70.0000001
1060.0000001, 36.0000001, 71.0000001
1060.0000001, 36.0000001, 71.0000001
1060.0000001, 36.0000001, 70.0000001
1060.0000001, 36.0000001, 70.0000001
1061.0000001, 36.0000001, 69.0000001
1061.0000001, 36.0000001, 69.0000001
1061.0000001, 36.0000001, 68.0000001
1061.0000001, 36.0000001, 67.0000001
1061.0000001, 36.0000001, 66.0000001
1062.0000001, 36.0000001, 66.0000001
1062.0000001, 36.0000001, 67.0000001
1056.0000001, 36.0000001, 66.0000001
1057.0000001, 36.0000001, 67.0000001
1055.0000001, 36.0000001, 67.0000001
1061.0000001, 36.0000001, 66.0000001
1062.0000001, 36.0000001, 67.0000001
1062.0000001, 36.0000001, 73.0000001
1061.0000001, 36.0000001, 73.0000001
1061.0000001, 36.0000001, 73.0000001
1062.0000001, 36.0000001, 73.0000001
1061.0000001, 36.0000001, 72.0000001
1061.0000001, 36.0000001, 58.0000001
1062.0000001, 36.0000001, 58.0000001
1062.0000001, 36.0000001, 59.0000001
1060.0000001, 36.0000001, 59.0000001
1054.0000001, 36.0000001, 60.0000001
1055.0000001, 36.0000001, 60.0000001
1054.0000001, 36.0000001, 60.0000001
1053.0000001, 36.0000001, 60.0000001
1051.0000001, 36.0000001, 58.0000001
1050.0000001, 36.0000001, 57.0000001
1048.0000001, 36.0000001, 57.0000001
1045.0000001, 36.0000001, 57.0000001
1043.0000001, 36.0000001, 57.0000001
1043.0000001, 36.0000001, 57.0000001
1042.0000001, 36.0000001, 59.0000001
1041.0000001, 36.0000001, 60.0000001
1039.0000001, 36.0000001, 60.0000001
1038.0000001, 36.0000001, 59.0000001
1037.0000001, 36.0000001, 56.0000001
1037.0000001, 36.0000001, 56.0000001
1037.0000001, 36.0000001, 54.0000001
1037.0000001, 36.0000001, 55.0000001
1037.0000001, 36.0000001, 56.0000001
1037.0000001, 36.0000001, 58.0000001
1037.0000001, 36.0000001, 59.0000001
1038.0000001, 36.0100001, 58.0000001
1037.0000001, 36.0100001, 58.0000001
1037.0000001, 36.0100001, 58.0000001
1038.0000001, 36.0100001, 58.0000001
1037.0000001, 36.0100001, 56.0000001
1037.0000001, 36.0100001, 55.0000001
1037.0000001, 36.0100001, 53.0000001
1037.0000001, 36.0100001, 53.0000001
1036.0000001, 36.0100001, 56.0000001
1036.0000001, 36.0100001, 56.0000001
1036.0000001, 36.0100001, 56.0000001
1036.0000001, 36.0100001, 60.0000001
1035.0000001, 36.0100001, 60.0000001
1035.0000001, 36.0100001, 60.0000001
1035.0000001, 36.0100001, 61.0000001
1035.0000001, 36.0100001, 60.0000001
1035.0000001, 36.0100001, 58.0000001
1035.0000001, 36.0100001, 58.0000001
1035.0000001, 36.0100001, 57.0000001
1035.0000001, 36.0100001, 56.0000001
1035.0000001, 36.0100001, 58.0000001
1037.0000001, 36.0100001, 58.0000001
1037.0000001, 36.0100001, 58.0000001
1038.0000001, 36.0100001, 59.0000001
1039.0000001, 36.0100001, 59.0000001
1039.0000001, 36.0100001, 58.0000001
1040.0000001, 36.0100001, 58.0000001
1041.0000001, 36.0100001, 58.0000001
1041.0000001, 36.0100001, 59.0000001
1042.0000001, 36.0100001, 60.0000001
1042.0000001, 36.0100001, 61.0000001
1043.0000001, 36.0100001, 60.0000001
1043.0000001, 36.0100001, 60.0000001
1044.0000001, 36.0100001, 60.0000001
1045.0000001, 36.0100001, 64.0000001
1046.0000001, 36.0100001, 64.0000001
1046.0000001, 36.0100001, 64.0000001
1045.0000001, 36.0100001, 64.0000001
1046.0000001, 36.0100001, 63.0000001
1046.0000001, 36.0100001, 63.0000001
1046.0000001, 36.0100001, 65.0000001
1046.0000001, 36.0100001, 65.0000001
1048.0000001, 36.0100001, 66.0000001
1048.0000001, 36.0100001, 66.0000001
1046.0000001, 36.0100001, 67.0000001
1044.0000001, 36.0100001, 66.0000001
1041.0000001, 36.0100001, 65.0000001
1038.0000001, 36.0100001, 63.0000001
1035.0000001, 36.0100001, 62.0000001
1034.0000001, 36.0100001, 61.0000001
1020.0000001, 36.0100001, 61.0000001
1023.0000001, 36.0100001, 60.0000001
1021.0000001, 36.0100001, 60.0000001
1020.0000001, 36.0100001, 60.0000001
1019.0000001, 36.0100001, 60.0000001
1017.0000001, 36.0100001, 60.0000001
1015.0000001, 36.0200001, 60.0000001
1014.0000001, 36.0200001, 60.0000001
1012.0000001, 36.0200001, 60.0000001
1017.0000001, 36.0200001, 61.0000001
1019.0000001, 36.0200001, 62.0000001
1017.0000001, 36.0200001, 63.0000001
1020.0000001, 36.0200001, 63.0000001
1018.0000001, 36.0200001, 70.0000001
1017.0000001, 36.0200001, 68.0000001
1016.0000001, 36.0200001, 63.0000001
1016.0000001, 36.0200001, 61.0000001
1016.0000001, 36.0200001, 59.0000001
1016.0000001, 36.0200001, 55.0000001
1015.0000001, 36.0200001, 54.0000001
1015.0000001, 36.0200001, 54.0000001
1015.0000001, 36.0200001, 53.0000001
1015.0000001, 36.0200001, 53.0000001
1015.0000001, 36.0200001, 53.0000001
1015.0000001, 36.0200001, 53.0000001
1015.0000001, 36.0200001, 53.0000001
1015.0000001, 36.0200001, 53.0000001
1016.0000001, 36.0200001, 52.0000001
1016.0000001, 36.0200001, 52.0000001
1015.0000001, 36.0200001, 51.0000001
1015.0000001, 36.0200001, 51.0000001
1014.0000001, 36.0200001, 51.0000001
1014.0000001, 36.0200001, 52.0000001
1015.0000001, 36.0200001, 53.0000001
1000.0000001, 36.0100001, 54.0000001
1015.0000001, 36.0100001, 54.0000001
1015.0000001, 36.0100001, 57.0000001
1015.0000001, 36.0100001, 58.0000001
1016.0000001, 36.0100001, 57.0000001
1020.0000001, 36.0100001, 57.0000001
1023.0000001, 36.0100001, 57.0000001
1028.0000001, 36.0100001, 57.0000001
1031.0000001, 36.0100001, 56.0000001
1033.0000001, 36.0100001, 56.0000001
1036.0000001, 36.0100001, 58.0000001
1038.0000001, 36.0100001, 57.0000001
1041.0000001, 36.0100001, 57.0000001
1043.0000001, 36.0100001, 58.0000001
1046.0000001, 36.0100001, 58.0000001
1050.0000001, 36.0100001, 57.0000001
1051.0000001, 36.0100001, 57.0000001
1054.0000001, 36.0100001, 56.0000001
1056.0000001, 36.0100001, 56.0000001
1056.0000001, 36.0100001, 56.0000001
1059.0000001, 36.0100001, 57.0000001
1060.0000001, 36.0100001, 58.0000001
1050.0000001, 36.0100001, 59.0000001
1057.0000001, 36.0100001, 59.0000001
1060.0000001, 36.0100001, 58.0000001
1063.0000001, 36.0100001, 59.0000001
1069.0000001, 36.0100001, 59.0000001
1071.0000001, 36.0100001, 59.0000001
1070.0000001, 36.0200001, 59.0000001
1071.0000001, 36.0200001, 67.0000001
1074.0000001, 36.0200001, 69.0000001
1077.0000001, 36.0200001, 73.0000001
1076.0000001, 36.0200001, 71.0000001
1077.0000001, 36.0200001, 70.0000001
1078.0000001, 36.0200001, 70.0000001
1079.0000001, 36.0200001, 70.0000001
1080.0000001, 36.0200001, 66.0000001
1080.0000001, 36.0200001, 65.0000001
1081.0000001, 36.0200001, 63.0000001
1082.0000001, 36.0200001, 62.0000001
1083.0000001, 36.0200001, 61.0000001
1083.0000001, 36.0200001, 61.0000001
1084.0000001, 36.0200001, 60.0000001
1085.0000001, 36.0200001, 60.0000001
1085.0000001, 36.0200001, 61.0000001
1086.0000001, 36.0200001, 60.0000001
1087.0000001, 36.0200001, 61.0000001
1087.0000001, 36.0200001, 61.0000001
1086.0000001, 36.0200001, 60.0000001
1085.0000001, 36.0200001, 60.0000001
1084.0000001, 36.0200001, 60.0000001
1083.0000001, 36.0200001, 60.0000001
1082.0000001, 36.0200001, 59.0000001
1083.0000001, 36.0200001, 55.0000001
1083.0000001, 36.0200001, 54.0000001
1083.0000001, 36.0200001, 53.0000001
1083.0000001, 36.0200001, 53.0000001
1084.0000001, 36.0100001, 55.0000001
1084.0000001, 36.0100001, 56.0000001
1085.0000001, 36.0100001, 57.0000001
1087.0000001, 36.0100001, 57.0000001
1088.0000001, 36.0100001, 56.0000001
1089.0000001, 36.0100001, 57.0000001
1090.0000001, 36.0100001, 57.0000001
1091.0000001, 36.0100001, 56.0000001
1091.0000001, 36.0100001, 56.0000001
1091.0000001, 36.0100001, 55.0000001
1092.0000001, 36.0100001, 55.0000001
1092.0000001, 36.0100001, 55.0000001
1094.0000001, 36.0100001, 56.0000001
1094.0000001, 36.0100001, 56.0000001
1095.0000001, 36.0100001, 56.0000001
1095.0000001, 36.0100001, 57.0000001
1095.0000001, 36.0100001, 58.0000001
1094.0000001, 36.0100001, 58.0000001
1094.0000001, 36.0100001, 57.0000001
1091.0000001, 36.0100001, 57.0000001
1088.0000001, 36.0100001, 56.0000001
1085.0000001, 36.0100001, 56.0000001
1083.0000001, 36.0100001, 55.0000001
1080.0000001, 36.0100001, 56.0000001
1078.0000001, 36.0100001, 57.0000001
1076.0000001, 36.0100001, 59.0000001
1076.0000001, 36.0100001, 60.0000001
1078.0000001, 36.0100001, 61.0000001
1076.0000001, 36.0200001, 60.0000001
1074.0000001, 36.0200001, 60.0000001
1072.0000001, 36.0200001, 59.0000001
1074.0000001, 36.0200001, 59.0000001
1077.0000001, 36.0200001, 59.0000001
1078.0000001, 36.0200001, 55.0000001
1079.0000001, 36.0200001, 54.0000001
1080.0000001, 36.0200001, 53.0000001
1081.0000001, 36.0200001, 53.0000001
1081.0000001, 36.0200001, 53.0000001
1082.0000001, 36.0200001, 54.0000001
1082.0000001, 36.0200001, 54.0000001
1083.0000001, 36.0200001, 55.0000001
1084.0000001, 36.0200001, 55.0000001
1084.0000001, 36.0200001, 55.0000001
1085.0000001, 36.0200001, 55.0000001
1085.0000001, 36.0200001, 55.0000001
1086.0000001, 36.0200001, 55.0000001
1086.0000001, 36.0200001, 55.0000001
1086.0000001, 36.0200001, 56.0000001
1086.0000001, 36.0200001, 56.0000001
1087.0000001, 36.0200001, 57.0000001
1087.0000001, 36.0200001, 61.0000001
1086.0000001, 36.0200001, 65.0000001
1086.0000001, 36.0200001, 66.0000001
1086.0000001, 36.0200001, 67.0000001
1086.0000001, 36.0200001, 67.0000001
1086.0000001, 36.0200001, 67.0000001
1086.0000001, 36.0200001, 67.0000001
1086.0000001, 36.0200001, 66.0000001
1086.0000001, 36.0200001, 66.0000001
1087.0000001, 36.0200001, 65.0000001
1087.0000001, 36.0200001, 65.0000001
1087.0000001, 36.0200001, 66.0000001
1088.0000001, 36.0200001, 66.0000001
1088.0000001, 36.0200001, 64.0000001
1088.0000001, 36.0200001, 63.0000001
1088.0000001, 36.0200001, 70.0000001
1088.0000001, 36.0200001, 61.0000001
1089.0000001, 36.0200001, 59.0000001
1089.0000001, 36.0200001, 58.0000001
1089.0000001, 36.0200001, 57.0000001
1087.0000001, 36.0200001, 57.0000001
1081.0000001, 36.0200001, 57.0000001
1085.0000001, 36.0200001, 57.0000001
1089.0000001, 36.0200001, 59.0000001
1090.0000001, 36.0200001, 59.0000001
1087.0000001, 36.0200001, 58.0000001
1084.0000001, 36.0200001, 58.0000001
1081.0000001, 36.0200001, 59.0000001
1079.0000001, 36.0200001, 58.0000001
1079.0000001, 36.0200001, 58.0000001
1080.0000001, 36.0200001, 58.0000001
1082.0000001, 36.0200001, 57.0000001
1083.0000001, 36.0200001, 55.0000001
1084.0000001, 36.0200001, 54.0000001
1083.0000001, 36.0200001, 59.0000001
1085.0000001, 36.0200001, 60.0000001
1086.0000001, 36.0200001, 60.0000001
1087.0000001, 36.0200001, 64.0000001
1088.0000001, 36.0200001, 66.0000001
1088.0000001, 36.0200001, 65.0000001
1089.0000001, 36.0200001, 64.0000001
1090.0000001, 36.0200001, 63.0000001
1090.0000001, 36.0200001, 61.0000001
1090.0000001, 36.0200001, 60.0000001
1091.0000001, 36.0200001, 59.0000001
1091.0000001, 36.0200001, 58.0000001
1092.0000001, 36.0200001, 58.0000001
1092.0000001, 36.0200001, 58.0000001
1092.0000001, 36.0200001, 59.0000001
1094.0000001, 36.0200001, 59.0000001
1092.0000001, 36.0200001, 59.0000001
1090.0000001, 36.0200001, 58.0000001
1091.0000001, 36.0200001, 58.0000001
1091.0000001, 36.0200001, 58.0000001
1091.0000001, 36.0200001, 58.0000001
1091.0000001, 36.0200001, 59.0000001
1092.0000001, 36.0200001, 59.0000001
1090.0000001, 36.0200001, 60.0000001
1091.0000001, 36.0200001, 62.0000001
1091.0000001, 36.0200001, 63.0000001
1090.0000001, 36.0200001, 63.0000001
1091.0000001, 36.0200001, 63.0000001
1089.0000001, 36.0100001, 62.0000001
1090.0000001, 36.0100001, 60.0000001
1089.0000001, 36.0100001, 59.0000001
1090.0000001, 36.0100001, 58.0000001
1088.0000001, 36.0100001, 58.0000001
1086.0000001, 36.0100001, 59.0000001
1087.0000001, 36.0100001, 60.0000001
1088.0000001, 36.0100001, 61.0000001
1089.0000001, 36.0100001, 62.0000001
1089.0000001, 36.0100001, 63.0000001
1089.0000001, 36.0100001, 64.0000001
1089.0000001, 36.0100001, 64.0000001
1090.0000001, 36.0100001, 64.0000001
1091.0000001, 36.0100001, 63.0000001
1090.0000001, 36.0100001, 61.0000001
1092.0000001, 36.0100001, 60.0000001
1086.0000001, 36.0100001, 59.0000001
1086.0000001, 36.0100001, 59.0000001
1086.0000001, 36.0100001, 59.0000001
1086.0000001, 36.0100001, 59.0000001
1087.0000001, 36.0100001, 62.0000001
1086.0000001, 36.0100001, 63.0000001
1086.0000001, 36.0100001, 65.0000001
1086.0000001, 36.0100001, 66.0000001
1087.0000001, 36.0100001, 66.0000001
1087.0000001, 36.0100001, 67.0000001
1087.0000001, 36.0100001, 66.0000001
1085.0000001, 36.0200001, 66.0000001
1085.0000001, 36.0200001, 66.0000001
1085.0000001, 36.0200001, 61.0000001
1084.0000001, 36.0200001, 61.0000001
1084.0000001, 36.0200001, 60.0000001
1085.0000001, 36.0200001, 60.0000001
1085.0000001, 36.0200001, 60.0000001
1085.0000001, 36.0200001, 61.0000001
1085.0000001, 36.0200001, 61.0000001
1085.0000001, 36.0200001, 62.0000001
1086.0000001, 36.0200001, 61.0000001
1086.0000001, 36.0200001, 61.0000001
1086.0000001, 36.0200001, 63.0000001
1087.0000001, 36.0200001, 62.0000001
1087.0000001, 36.0200001, 63.0000001
1086.0000001, 36.0200001, 62.0000001
1085.0000001, 36.0200001, 62.0000001
1084.0000001, 36.0200001, 61.0000001
1084.0000001, 36.0200001, 61.0000001
1083.0000001, 36.0200001, 60.0000001
1082.0000001, 36.0200001, 60.0000001
1081.0000001, 36.0200001, 60.0000001
1080.0000001, 36.0200001, 60.0000001
1079.0000001, 36.0200001, 62.0000001
1078.0000001, 36.0200001, 63.0000001
1077.0000001, 36.0200001, 64.0000001
1076.0000001, 36.0200001, 64.0000001
1074.0000001, 36.0200001, 64.0000001
1066.0000001, 36.0200001, 64.0000001
1073.0000001, 36.0200001, 64.0000001
1073.0000001, 36.0200001, 64.0000001
1073.0000001, 36.0200001, 64.0000001
1073.0000001, 36.0200001, 63.0000001
1072.0000001, 36.0200001, 63.0000001
1072.0000001, 36.0200001, 62.0000001
1073.0000001, 36.0200001, 63.0000001
1076.0000001, 36.0200001, 64.0000001
1077.0000001, 36.0200001, 64.0000001
1078.0000001, 36.0200001, 65.0000001
1078.0000001, 36.0200001, 65.0000001
1079.0000001, 36.0200001, 65.0000001
1080.0000001, 36.0200001, 64.0000001
1080.0000001, 36.0200001, 63.0000001
1080.0000001, 36.0200001, 62.0000001
1082.0000001, 36.0200001, 62.0000001
1081.0000001, 36.0200001, 63.0000001
1081.0000001, 36.0200001, 63.0000001
1081.0000001, 36.0200001, 63.0000001
1082.0000001, 36.0200001, 64.0000001
1077.0000001, 36.0200001, 65.0000001
1082.0000001, 36.0200001, 66.0000001
1079.0000001, 36.0200001, 66.0000001
1084.0000001, 36.0200001, 65.0000001
1084.0000001, 36.0200001, 66.0000001
1087.0000001, 36.0200001, 66.0000001
1086.0000001, 36.0200001, 65.0000001
1071.0000001, 36.0400001, 65.0000001
1087.0000001, 36.0400001, 64.0000001
1088.0000001, 36.0400001, 62.0000001
1087.0000001, 36.0400001, 61.0000001
1083.0000001, 36.0400001, 61.0000001
1079.0000001, 36.0400001, 62.0000001
1074.0000001, 36.0400001, 65.0000001
1071.0000001, 36.0400001, 65.0000001
1068.0000001, 36.0400001, 64.0000001
1065.0000001, 36.0400001, 64.0000001
1065.0000001, 36.0400001, 63.0000001
1062.0000001, 36.0400001, 62.0000001
1061.0000001, 36.0400001, 62.0000001
1060.0000001, 36.0400001, 63.0000001
1059.0000001, 36.0400001, 64.0000001
1059.0000001, 36.0400001, 65.0000001
1058.0000001, 36.0400001, 66.0000001
1057.0000001, 36.0400001, 67.0000001
1056.0000001, 36.0400001, 66.0000001
1056.0000001, 36.0400001, 66.0000001
1055.0000001, 36.0400001, 66.0000001
1054.0000001, 36.0400001, 66.0000001
1054.0000001, 36.0400001, 66.0000001
1053.0000001, 36.0400001, 66.0000001
1053.0000001, 36.0400001, 66.0000001
1052.0000001, 36.0400001, 65.0000001
1052.0000001, 36.0400001, 65.0000001
1052.0000001, 36.0400001, 65.0000001
1052.0000001, 36.0500001, 64.0000001
1051.0000001, 36.0500001, 63.0000001
1052.0000001, 36.0500001, 63.0000001
1052.0000001, 36.0500001, 63.0000001
1052.0000001, 36.0500001, 64.0000001
1051.0000001, 36.0500001, 63.0000001
1052.0000001, 36.0500001, 63.0000001
1051.0000001, 36.0500001, 62.0000001
1051.0000001, 36.0500001, 61.0000001
1051.0000001, 36.0500001, 61.0000001
1051.0000001, 36.0500001, 60.0000001
1051.0000001, 36.0500001, 58.0000001
1050.0000001, 36.0500001, 57.0000001
1050.0000001, 36.0500001, 58.0000001
1049.0000001, 36.0500001, 58.0000001
1049.0000001, 36.0500001, 60.0000001
1048.0000001, 36.0500001, 62.0000001
1048.0000001, 36.0500001, 62.0000001
1046.0000001, 36.0500001, 64.0000001
1046.0000001, 36.0500001, 64.0000001
1046.0000001, 36.0500001, 64.0000001
1046.0000001, 36.0500001, 64.0000001
1045.0000001, 36.0500001, 63.0000001
1044.0000001, 36.0500001, 54.0000001
1044.0000001, 36.0500001, 54.0000001
1045.0000001, 36.0500001, 54.0000001
1045.0000001, 36.0500001, 61.0000001
1045.0000001, 36.0500001, 58.0000001
1050.0000001, 36.0500001, 59.0000001
1053.0000001, 36.0500001, 60.0000001
1056.0000001, 36.0500001, 60.0000001
1059.0000001, 36.0500001, 60.0000001
1061.0000001, 36.0500001, 60.0000001
1064.0000001, 36.0500001, 60.0000001
1065.0000001, 36.0500001, 59.0000001
1066.0000001, 36.0500001, 58.0000001
1067.0000001, 36.0500001, 59.0000001
1069.0000001, 36.0500001, 59.0000001
1071.0000001, 36.0500001, 60.0000001
1072.0000001, 36.0500001, 60.0000001
1073.0000001, 36.0500001, 60.0000001
1074.0000001, 36.0500001, 59.0000001
1076.0000001, 36.0500001, 59.0000001
1077.0000001, 36.0500001, 58.0000001
1078.0000001, 36.0500001, 58.0000001
1079.0000001, 36.0500001, 58.0000001
1080.0000001, 36.0500001, 58.0000001
1080.0000001, 36.0500001, 57.0000001
1080.0000001, 36.0500001, 57.0000001
1077.0000001, 36.0500001, 58.0000001
1074.0000001, 36.0500001, 58.0000001
1072.0000001, 36.0500001, 58.0000001
1070.0000001, 36.0500001, 58.0000001
1067.0000001, 36.0500001, 60.0000001
1067.0000001, 36.0500001, 61.0000001
1065.0000001, 36.0500001, 61.0000001
1064.0000001, 36.0700001, 62.0000001
1063.0000001, 36.0700001, 62.0000001
1062.0000001, 36.0700001, 61.0000001
1061.0000001, 36.0700001, 62.0000001
1060.0000001, 36.0700001, 61.0000001
1060.0000001, 36.0700001, 58.0000001
1062.0000001, 36.0700001, 57.0000001
1063.0000001, 36.0700001, 55.0000001
1063.0000001, 36.0700001, 53.0000001
1063.0000001, 36.0700001, 54.0000001
1067.0000001, 36.0700001, 53.0000001
1070.0000001, 36.0700001, 53.0000001
1072.0000001, 36.0700001, 54.0000001
1076.0000001, 36.0700001, 56.0000001
1078.0000001, 36.0700001, 55.0000001
1080.0000001, 36.0700001, 56.0000001
1082.0000001, 36.0700001, 63.0000001
1084.0000001, 36.0700001, 64.0000001
1086.0000001, 36.0700001, 63.0000001
1088.0000001, 36.0700001, 63.0000001
1089.0000001, 36.0700001, 63.0000001
1090.0000001, 36.0700001, 62.0000001
1091.0000001, 36.0700001, 61.0000001
1092.0000001, 36.0700001, 56.0000001
1087.0000001, 36.0700001, 55.0000001
1083.0000001, 36.0700001, 55.0000001
1081.0000001, 36.0700001, 56.0000001
1080.0000001, 36.0700001, 57.0000001
1086.0000001, 36.0700001, 57.0000001
1090.0000001, 36.0700001, 58.0000001
1087.0000001, 36.0700001, 59.0000001
1089.0000001, 36.0700001, 63.0000001
1089.0000001, 36.0700001, 63.0000001
1088.0000001, 36.0700001, 63.0000001
1088.0000001, 36.0700001, 63.0000001
1088.0000001, 36.0700001, 63.0000001
1087.0000001, 36.0700001, 62.0000001
1086.0000001, 36.0700001, 62.0000001
1085.0000001, 36.0700001, 62.0000001
1083.0000001, 36.0700001, 59.0000001
1082.0000001, 36.0700001, 59.0000001
1081.0000001, 36.0700001, 59.0000001
1080.0000001, 36.0700001, 59.0000001
1079.0000001, 36.0700001, 59.0000001
1078.0000001, 36.0700001, 59.0000001
1076.0000001, 36.0700001, 59.0000001
1076.0000001, 36.0700001, 58.0000001
1074.0000001, 36.0700001, 58.0000001
1073.0000001, 36.0700001, 58.0000001
1073.0000001, 36.0700001, 58.0000001
1072.0000001, 36.0700001, 57.0000001
1070.0000001, 36.0700001, 57.0000001
1068.0000001, 36.0700001, 58.0000001
1066.0000001, 36.0700001, 59.0000001
1064.0000001, 36.0700001, 59.0000001
1062.0000001, 36.0700001, 62.0000001
1060.0000001, 36.0700001, 62.0000001
1060.0000001, 36.0700001, 63.0000001
1059.0000001, 36.0700001, 63.0000001
1060.0000001, 36.0700001, 61.0000001
1053.0000001, 36.0700001, 60.0000001
1058.0000001, 36.0700001, 60.0000001
1058.0000001, 36.0700001, 62.0000001
1057.0000001, 36.0700001, 61.0000001
1057.0000001, 36.0700001, 61.0000001
1058.0000001, 36.0700001, 61.0000001
1059.0000001, 36.0700001, 61.0000001
1059.0000001, 36.0700001, 61.0000001
1060.0000001, 36.0700001, 60.0000001
1060.0000001, 36.0700001, 58.0000001
1061.0000001, 36.0700001, 59.0000001
1062.0000001, 36.0700001, 58.0000001
1064.0000001, 36.0700001, 58.0000001
1065.0000001, 36.0700001, 59.0000001
1066.0000001, 36.0700001, 60.0000001
1067.0000001, 36.0700001, 61.0000001
1067.0000001, 36.0700001, 61.0000001
1068.0000001, 36.0700001, 61.0000001
1069.0000001, 36.0700001, 61.0000001
1070.0000001, 36.0700001, 61.0000001
1069.0000001, 36.0700001, 62.0000001
1070.0000001, 36.0700001, 63.0000001
1070.0000001, 36.0700001, 63.0000001
1055.0000001, 36.0700001, 64.0000001
1069.0000001, 36.0700001, 66.0000001
1068.0000001, 36.0700001, 65.0000001
1069.0000001, 36.0700001, 65.0000001
1070.0000001, 36.0700001, 64.0000001
1072.0000001, 36.0700001, 62.0000001
1073.0000001, 36.0700001, 62.0000001
1073.0000001, 36.0700001, 61.0000001
1074.0000001, 36.0700001, 61.0000001
1076.0000001, 36.0700001, 63.0000001
1076.0000001, 36.0700001, 63.0000001
1074.0000001, 36.0700001, 66.0000001
1077.0000001, 36.0700001, 67.0000001
1079.0000001, 36.0700001, 67.0000001
1078.0000001, 36.0700001, 66.0000001
1078.0000001, 36.0700001, 65.0000001
1078.0000001, 36.0700001, 64.0000001
1079.0000001, 36.0700001, 63.0000001
1080.0000001, 36.0700001, 59.0000001
1080.0000001, 36.0700001, 57.0000001
1079.0000001, 36.0700001, 55.0000001
1080.0000001, 36.0700001, 54.0000001
1080.0000001, 36.0700001, 54.0000001
1080.0000001, 36.0700001, 54.0000001
1080.0000001, 36.0700001, 55.0000001
1081.0000001, 36.0700001, 56.0000001
1080.0000001, 36.0700001, 58.0000001
1081.0000001, 36.0700001, 59.0000001
1081.0000001, 36.0700001, 58.0000001
1081.0000001, 36.0700001, 59.0000001
1081.0000001, 36.0700001, 58.0000001
1081.0000001, 36.0700001, 58.0000001
1081.0000001, 36.0700001, 57.0000001
1082.0000001, 36.0700001, 57.0000001
1082.0000001, 36.0700001, 56.0000001
1081.0000001, 36.0700001, 56.0000001
1081.0000001, 36.0700001, 56.0000001
1081.0000001, 36.0700001, 55.0000001
1081.0000001, 36.0700001, 55.0000001
1081.0000001, 36.0700001, 55.0000001
1080.0000001, 36.0700001, 55.0000001
1082.0000001, 36.0700001, 55.0000001
1081.0000001, 36.0700001, 56.0000001
1081.0000001, 36.0700001, 55.0000001
1081.0000001, 36.0700001, 55.0000001
1080.0000001, 36.0700001, 62.0000001
1080.0000001, 36.0700001, 61.0000001
1079.0000001, 36.0700001, 61.0000001
1077.0000001, 36.0700001, 61.0000001
1076.0000001, 36.0700001, 60.0000001
1074.0000001, 36.0700001, 60.0000001
1072.0000001, 36.0700001, 60.0000001
1072.0000001, 36.0700001, 65.0000001
1070.0000001, 36.0700001, 64.0000001
1069.0000001, 36.0700001, 64.0000001
1069.0000001, 36.0700001, 64.0000001
1072.0000001, 36.0800001, 63.0000001
1073.0000001, 36.0800001, 64.0000001
1074.0000001, 36.0800001, 63.0000001
1076.0000001, 36.0800001, 62.0000001
1076.0000001, 36.0800001, 62.0000001
1077.0000001, 36.0800001, 57.0000001
1076.0000001, 36.0800001, 57.0000001
1076.0000001, 36.0800001, 56.0000001
1077.0000001, 36.0800001, 54.0000001
1077.0000001, 36.0800001, 55.0000001
1077.0000001, 36.0800001, 53.0000001
1077.0000001, 36.0800001, 54.0000001
1077.0000001, 36.0800001, 55.0000001
1077.0000001, 36.0800001, 55.0000001
1077.0000001, 36.0800001, 56.0000001
1077.0000001, 36.0800001, 58.0000001
1077.0000001, 36.0800001, 59.0000001
1076.0000001, 36.0800001, 60.0000001
1074.0000001, 36.0800001, 61.0000001
1073.0000001, 36.0800001, 62.0000001
1072.0000001, 36.0800001, 62.0000001
1071.0000001, 36.0800001, 62.0000001
1069.0000001, 36.0800001, 61.0000001
1068.0000001, 36.0800001, 60.0000001
1067.0000001, 36.0800001, 59.0000001
1066.0000001, 36.0800001, 59.0000001
1065.0000001, 36.0800001, 55.0000001
1064.0000001, 36.0800001, 55.0000001
1064.0000001, 36.0900001, 55.0000001
1062.0000001, 36.0900001, 56.0000001
1062.0000001, 36.0900001, 57.0000001
1061.0000001, 36.0900001, 58.0000001
1060.0000001, 36.0900001, 59.0000001
1059.0000001, 36.0900001, 59.0000001
1059.0000001, 36.0900001, 60.0000001
1058.0000001, 36.0900001, 60.0000001
1058.0000001, 36.0900001, 59.0000001
1057.0000001, 36.0900001, 58.0000001
1057.0000001, 36.0900001, 57.0000001
1056.0000001, 36.0900001, 56.0000001
1056.0000001, 36.0900001, 56.0000001
1055.0000001, 36.0900001, 55.0000001
1054.0000001, 36.0900001, 55.0000001
1054.0000001, 36.0900001, 56.0000001
1054.0000001, 36.0900001, 60.0000001
1053.0000001, 36.0900001, 59.0000001
1052.0000001, 36.0900001, 62.0000001
1052.0000001, 36.0900001, 63.0000001
1052.0000001, 36.0900001, 61.0000001
1052.0000001, 36.0900001, 61.0000001
1051.0000001, 36.0900001, 61.0000001
1050.0000001, 36.0900001, 59.0000001
1050.0000001, 36.0900001, 58.0000001
1048.0000001, 36.0900001, 57.0000001
1050.0000001, 36.0900001, 56.0000001
1035.0000001, 36.0900001, 55.0000001
1048.0000001, 36.0900001, 56.0000001
1049.0000001, 36.0900001, 57.0000001
1048.0000001, 36.0900001, 57.0000001
1048.0000001, 36.0900001, 57.0000001
1048.0000001, 36.0900001, 57.0000001
1048.0000001, 36.0900001, 57.0000001
1048.0000001, 36.0900001, 58.0000001
1046.0000001, 36.0900001, 57.0000001
1046.0000001, 36.0900001, 57.0000001
1045.0000001, 36.0900001, 58.0000001
1044.0000001, 36.0900001, 58.0000001
1044.0000001, 36.0900001, 59.0000001
1043.0000001, 36.0900001, 60.0000001
1043.0000001, 36.0900001, 60.0000001
1042.0000001, 36.0900001, 61.0000001
1040.0000001, 36.0900001, 62.0000001
1040.0000001, 36.0900001, 63.0000001
1046.0000001, 36.0900001, 63.0000001
1041.0000001, 36.0900001, 63.0000001
1039.0000001, 36.0900001, 62.0000001
1039.0000001, 36.0900001, 62.0000001
1038.0000001, 36.0900001, 73.0000001
1038.0000001, 36.0900001, 73.0000001
1037.0000001, 36.0900001, 72.0000001
1037.0000001, 36.0900001, 71.0000001
1039.0000001, 36.0900001, 71.0000001
1037.0000001, 36.0900001, 71.0000001
1038.0000001, 36.0900001, 71.0000001
1037.0000001, 36.0900001, 70.0000001
1038.0000001, 36.0900001, 69.0000001
1043.0000001, 36.0900001, 69.0000001
1040.0000001, 36.0900001, 67.0000001
1042.0000001, 36.0900001, 67.0000001
1036.0000001, 36.0900001, 67.0000001
1034.0000001, 36.0900001, 66.0000001
1032.0000001, 36.0900001, 66.0000001
1032.0000001, 36.0900001, 66.0000001
1033.0000001, 36.0900001, 62.0000001
1034.0000001, 36.0900001, 62.0000001
1032.0000001, 36.0900001, 62.0000001
1032.0000001, 36.0900001, 62.0000001
1032.0000001, 36.0900001, 62.0000001
1034.0000001, 36.0900001, 62.0000001
1034.0000001, 36.0900001, 62.0000001
1035.0000001, 36.0900001, 62.0000001
1035.0000001, 36.0900001, 62.0000001
1035.0000001, 36.0900001, 63.0000001
1043.0000001, 36.0900001, 62.0000001
1049.0000001, 36.0900001, 62.0000001
1046.0000001, 36.0900001, 62.0000001
1044.0000001, 36.0900001, 66.0000001
1046.0000001, 36.0900001, 66.0000001
1045.0000001, 36.0900001, 65.0000001
1045.0000001, 36.0900001, 65.0000001
1046.0000001, 36.0900001, 64.0000001
1045.0000001, 36.0800001, 64.0000001
1046.0000001, 36.0800001, 63.0000001
1048.0000001, 36.0800001, 63.0000001
1049.0000001, 36.0800001, 60.0000001
1049.0000001, 36.0800001, 60.0000001
1050.0000001, 36.0800001, 60.0000001
1051.0000001, 36.0800001, 60.0000001
1053.0000001, 36.0800001, 61.0000001
1051.0000001, 36.0800001, 61.0000001
1052.0000001, 36.0800001, 61.0000001
1053.0000001, 36.0800001, 60.0000001
1054.0000001, 36.0800001, 69.0000001
1053.0000001, 36.0800001, 69.0000001
1054.0000001, 36.0800001, 69.0000001
1055.0000001, 36.0800001, 69.0000001
1055.0000001, 36.0800001, 69.0000001
1055.0000001, 36.0800001, 63.0000001
1055.0000001, 36.0800001, 64.0000001
1055.0000001, 36.0800001, 62.0000001
1056.0000001, 36.0800001, 61.0000001
1056.0000001, 36.0800001, 61.0000001
1058.0000001, 36.0800001, 62.0000001
1065.0000001, 36.0800001, 62.0000001
1065.0000001, 36.0800001, 61.0000001
1061.0000001, 36.0800001, 61.0000001
1061.0000001, 36.0800001, 72.0000001
1062.0000001, 36.0800001, 71.0000001
1052.0000001, 36.0700001, 71.0000001
1060.0000001, 36.0700001, 70.0000001
1060.0000001, 36.0700001, 70.0000001
1060.0000001, 36.0700001, 70.0000001
1064.0000001, 36.0700001, 69.0000001
1064.0000001, 36.0700001, 67.0000001
1064.0000001, 36.0700001, 72.0000001
1064.0000001, 36.0700001, 78.0000001
1065.0000001, 36.0700001, 75.0000001
1065.0000001, 36.0700001, 69.0000001
1064.0000001, 36.0700001, 68.0000001
1065.0000001, 36.0700001, 67.0000001
1065.0000001, 36.0700001, 60.0000001
1065.0000001, 36.0700001, 61.0000001
1065.0000001, 36.0700001, 60.0000001
1080.0000001, 36.0700001, 60.0000001
1088.0000001, 36.0700001, 60.0000001
1090.0000001, 36.0700001, 61.0000001
1083.0000001, 36.0700001, 61.0000001
1084.0000001, 36.0700001, 66.0000001
1085.0000001, 36.0700001, 66.0000001
